16 2 326
-1 1 -1 1 1 1 -1 -1 -1 -1 -1 1 1 1 -1 1 1 0
-1 1 -1 1 1 1 -1 -1 -1 -1 1 -1 1 1 -1 1 1 0
1 -1 -1 1 1 -1 1 1 1 -1 -1 1 1 1 -1 1 1 0
1 1 -1 1 1 1 -1 -1 -1 1 -1 1 1 1 -1 1 1 0
-1 1 -1 1 1 1 -1 1 -1 -1 -1 1 1 1 -1 1 1 0
-1 1 -1 1 1 1 -1 -1 -1 1 -1 1 1 1 -1 1 1 0
1 1 -1 1 1 1 1 -1 -1 -1 -1 1 1 1 -1 1 1 0
1 -1 1 1 1 -1 1 -1 1 1 -1 -1 1 1 -1 1 1 0
-1 1 -1 1 1 1 -1 -1 -1 1 -1 1 1 1 -1 -1 1 0
-1 -1 -1 1 1 1 -1 -1 -1 1 -1 1 1 1 -1 -1 1 0
-1 1 -1 1 1 1 -1 -1 -1 1 -1 1 1 1 -1 -1 1 0
-1 1 -1 1 1 1 -1 -1 -1 1 -1 1 1 1 -1 1 1 0
-1 1 -1 1 1 1 -1 -1 -1 -1 -1 1 1 1 -1 -1 1 0
-1 -1 -1 1 1 1 -1 -1 -1 1 -1 1 1 1 -1 -1 1 0
-1 -1 -1 1 1 1 1 1 1 1 -1 1 1 1 -1 1 1 0
-1 1 -1 1 1 1 -1 -1 -1 -1 -1 1 1 1 -1 -1 1 0
-1 1 -1 1 1 1 1 -1 -1 -1 -1 1 1 1 -1 1 1 0
-1 -1 1 1 -1 -1 1 1 1 1 -1 -1 -1 1 1 1 1 0
-1 -1 -1 1 1 1 -1 -1 -1 -1 -1 1 1 1 -1 1 1 0
1 1 -1 1 1 1 1 -1 -1 1 -1 1 1 1 -1 1 1 0
-1 -1 -1 1 1 -1 -1 -1 -1 -1 -1 1 1 1 -1 1 1 0
-1 1 1 1 1 1 1 -1 1 1 -1 1 1 1 -1 1 1 0
-1 -1 -1 1 1 1 -1 -1 -1 1 -1 1 -1 1 -1 1 1 0
-1 1 -1 1 1 1 1 -1 -1 -1 -1 -1 1 1 -1 -1 1 0
-1 1 -1 1 1 1 -1 -1 -1 -1 -1 1 1 1 -1 1 1 0
1 -1 -1 -1 -1 -1 1 1 1 1 -1 -1 -1 1 -1 1 1 0
-1 -1 1 1 1 1 1 1 -1 1 -1 -1 -1 1 -1 1 1 0
1 -1 -1 1 1 1 -1 -1 -1 1 -1 -1 1 1 -1 -1 1 0
-1 -1 -1 1 1 -1 1 1 1 1 -1 1 1 1 -1 1 1 0
-1 -1 -1 1 1 1 -1 -1 -1 1 -1 1 1 1 -1 -1 1 0
-1 1 1 1 1 1 -1 -1 -1 1 -1 1 1 1 -1 1 1 0
-1 1 -1 1 1 1 -1 -1 -1 -1 -1 1 1 1 -1 1 1 0
-1 -1 -1 1 1 1 -1 -1 -1 1 1 1 -1 1 -1 1 1 0
1 -1 -1 1 1 1 -1 -1 -1 1 -1 1 1 1 -1 -1 1 0
1 -1 1 1 -1 -1 -1 1 1 1 -1 -1 -1 1 1 1 1 0
1 1 -1 1 1 1 -1 -1 -1 1 1 -1 1 -1 -1 -1 1 0
-1 1 -1 1 1 1 1 1 -1 -1 -1 -1 1 1 -1 1 1 0
-1 1 1 -1 -1 1 -1 1 1 -1 -1 1 1 -1 -1 1 1 0
-1 -1 1 1 -1 1 1 1 1 1 -1 1 -1 1 -1 1 1 0
-1 -1 -1 1 1 1 -1 -1 -1 -1 -1 1 1 1 -1 -1 1 0
1 1 -1 1 1 1 -1 -1 -1 1 -1 -1 1 1 -1 1 1 0
-1 1 -1 1 1 1 -1 -1 -1 -1 1 1 1 1 -1 1 1 0
1 -1 1 -1 -1 -1 1 1 1 1 1 -1 -1 1 -1 1 0 1
-1 -1 -1 -1 1 1 -1 -1 -1 1 1 1 1 1 -1 1 0 1
-1 -1 1 -1 -1 -1 1 1 1 1 1 -1 -1 -1 1 1 0 1
-1 -1 1 -1 -1 -1 1 1 1 1 1 -1 -1 -1 1 1 0 1
1 -1 1 -1 -1 -1 1 1 1 1 -1 -1 -1 -1 1 1 0 1
1 -1 1 -1 -1 -1 1 1 1 -1 -1 -1 -1 -1 1 1 0 1
-1 -1 1 -1 -1 -1 1 1 1 -1 -1 -1 -1 -1 1 1 0 1
1 -1 1 -1 -1 1 1 1 1 1 1 -1 -1 1 1 1 0 1
1 1 1 -1 -1 -1 1 1 1 -1 -1 -1 -1 -1 1 1 0 1
-1 -1 1 -1 -1 1 1 1 1 1 -1 1 -1 -1 -1 1 0 1
1 1 1 -1 -1 -1 1 1 1 1 1 -1 -1 -1 -1 1 0 1
-1 1 1 -1 -1 1 -1 1 1 -1 1 -1 1 -1 1 1 0 1
1 -1 1 -1 -1 1 1 1 1 1 -1 1 -1 1 -1 1 0 1
-1 1 1 -1 1 1 -1 -1 -1 -1 1 -1 -1 -1 1 1 0 1
1 1 1 -1 -1 -1 1 1 1 1 -1 -1 1 -1 1 1 0 1
-1 -1 1 -1 1 1 -1 -1 -1 1 1 1 1 1 -1 1 0 1
-1 1 1 -1 1 1 1 -1 1 1 1 -1 1 1 -1 1 0 1
1 -1 1 -1 -1 1 1 1 -1 -1 -1 1 1 -1 -1 1 0 1
1 -1 1 -1 -1 -1 1 1 1 1 1 -1 -1 1 1 1 0 1
1 -1 1 -1 -1 -1 1 1 1 1 1 -1 -1 -1 1 1 0 1
1 -1 1 -1 -1 -1 1 1 1 -1 1 -1 -1 -1 1 1 0 1
1 -1 -1 -1 1 1 1 -1 -1 1 1 -1 -1 1 -1 1 0 1
-1 1 -1 1 1 1 -1 -1 -1 -1 -1 -1 1 1 1 1 0 1
1 -1 1 -1 -1 1 1 1 1 -1 -1 -1 -1 1 -1 1 0 1
1 -1 1 -1 -1 -1 1 1 1 1 -1 -1 -1 -1 -1 1 0 1
1 -1 1 -1 -1 -1 1 1 1 -1 -1 -1 -1 -1 -1 1 0 1
1 -1 1 -1 1 1 1 -1 1 -1 1 -1 1 1 1 1 0 1
1 1 1 -1 -1 -1 -1 1 1 -1 1 -1 -1 -1 1 1 0 1
1 1 1 -1 -1 -1 1 1 1 -1 -1 -1 -1 -1 1 1 0 1
-1 -1 1 -1 -1 1 1 1 1 1 1 -1 -1 -1 1 1 0 1
1 1 1 -1 1 1 -1 1 -1 1 1 -1 1 1 -1 1 0 1
1 1 1 -1 -1 1 1 1 1 1 1 -1 1 1 1 1 0 1
1 1 1 -1 -1 1 1 1 1 1 -1 -1 1 -1 1 1 0 1
-1 -1 1 -1 -1 1 1 1 1 -1 -1 -1 -1 -1 1 1 0 1
1 -1 1 -1 -1 -1 1 1 1 -1 -1 -1 -1 -1 -1 1 0 1
1 -1 -1 -1 -1 1 1 1 1 1 -1 -1 -1 1 1 1 0 1
1 1 1 -1 -1 -1 1 1 1 -1 1 -1 -1 -1 1 1 0 1
1 -1 -1 -1 -1 -1 1 1 1 1 -1 -1 -1 -1 1 1 0 1
1 1 1 -1 -1 -1 1 1 1 1 -1 -1 1 -1 -1 1 0 1
-1 1 -1 -1 1 1 -1 -1 1 -1 -1 1 1 1 -1 1 0 1
1 1 1 -1 -1 1 1 1 1 1 -1 -1 -1 -1 1 1 0 1
-1 -1 1 -1 -1 -1 1 1 1 -1 -1 -1 -1 -1 1 1 0 1
1 -1 1 -1 -1 -1 1 1 1 -1 -1 -1 -1 -1 1 1 0 1
-1 1 1 -1 -1 1 1 1 1 1 1 -1 1 1 1 1 0 1
-1 -1 1 -1 -1 1 -1 1 1 1 -1 -1 -1 1 -1 1 0 1
1 1 1 -1 -1 -1 1 1 1 -1 -1 -1 -1 -1 -1 1 0 1
1 1 1 -1 -1 1 1 1 -1 -1 1 1 -1 1 -1 1 0 1
1 -1 1 -1 -1 1 1 1 1 -1 -1 -1 -1 -1 1 1 0 1
1 -1 1 -1 1 1 1 -1 1 1 -1 -1 1 1 -1 1 0 1
-1 1 -1 -1 1 1 -1 -1 -1 1 1 -1 1 1 -1 -1 0 1
-1 1 -1 -1 -1 -1 1 1 1 1 1 -1 -1 1 1 1 0 1
-1 1 1 -1 1 1 -1 1 -1 1 -1 -1 1 1 -1 1 0 1
-1 -1 1 -1 -1 1 1 1 1 1 -1 -1 -1 1 -1 1 0 1
1 1 1 -1 1 1 1 1 1 1 1 -1 1 1 -1 1 0 1
1 1 -1 -1 1 1 -1 -1 -1 -1 1 1 1 1 1 -1 0 1
1 -1 1 -1 -1 -1 1 1 1 1 1 -1 -1 -1 1 1 0 1
-1 -1 1 -1 -1 -1 1 1 1 1 -1 -1 1 -1 1 1 0 1
1 1 -1 -1 1 1 -1 -1 -1 -1 1 -1 1 1 -1 1 0 1
-1 1 1 -1 -1 1 -1 1 1 1 1 -1 1 -1 1 1 0 1
1 1 1 -1 -1 -1 1 1 1 -1 1 -1 -1 -1 -1 1 0 1
-1 1 1 -1 -1 1 -1 1 1 -1 1 -1 1 1 -1 1 0 1
-1 1 -1 -1 1 1 -1 -1 -1 -1 -1 1 1 1 1 1 0 1
1 1 1 -1 -1 -1 1 1 1 1 1 -1 1 -1 -1 1 0 1
-1 1 1 -1 1 1 1 1 -1 -1 1 -1 1 -1 1 1 0 1
-1 -1 1 -1 -1 -1 1 1 -1 1 1 -1 -1 -1 1 1 0 1
1 -1 1 -1 1 -1 1 1 1 1 -1 1 -1 1 1 1 0 1
1 -1 1 -1 -1 -1 1 1 1 -1 1 -1 -1 -1 1 1 0 1
-1 1 -1 1 1 1 -1 -1 -1 -1 -1 -1 1 1 -1 1 1 0
-1 1 -1 1 1 1 -1 -1 -1 -1 -1 1 1 1 -1 1 1 0
-1 1 -1 1 1 1 -1 -1 -1 -1 -1 1 1 1 -1 -1 1 0
1 1 -1 1 1 1 -1 -1 -1 -1 -1 -1 1 1 -1 1 1 0
1 1 -1 1 1 1 -1 -1 -1 1 -1 1 1 1 -1 -1 1 0
-1 1 -1 1 1 1 -1 -1 -1 1 -1 1 1 1 -1 1 1 0
-1 1 -1 1 1 1 1 -1 -1 -1 1 1 1 1 -1 1 1 0
-1 -1 -1 1 1 -1 -1 -1 -1 1 -1 1 1 1 -1 -1 1 0
-1 -1 -1 1 1 1 -1 -1 -1 1 -1 1 1 1 -1 -1 1 0
-1 1 -1 1 1 1 -1 -1 -1 -1 -1 1 1 1 -1 1 1 0
1 1 1 1 1 -1 1 -1 -1 -1 -1 1 1 1 -1 1 1 0
-1 -1 -1 1 1 1 -1 -1 -1 1 -1 1 -1 1 -1 1 1 0
-1 -1 -1 1 1 1 -1 -1 -1 1 -1 1 1 1 -1 1 1 0
-1 1 -1 1 1 1 -1 -1 -1 1 1 1 1 -1 -1 1 1 0
-1 1 -1 1 1 1 -1 -1 -1 -1 -1 1 1 1 -1 1 1 0
1 1 -1 1 1 1 -1 1 -1 -1 1 1 1 1 -1 -1 1 0
1 -1 1 1 1 1 1 1 -1 1 -1 1 -1 1 1 1 1 0
1 1 -1 1 1 1 1 1 -1 -1 -1 1 1 1 -1 1 1 0
-1 1 1 1 1 1 -1 -1 -1 1 -1 -1 -1 1 -1 1 1 0
-1 1 -1 1 1 1 -1 -1 -1 1 -1 1 1 1 -1 1 1 0
-1 1 -1 1 1 1 -1 -1 -1 1 -1 -1 1 1 -1 -1 1 0
-1 1 -1 1 1 1 -1 -1 -1 -1 -1 1 1 1 -1 1 1 0
-1 -1 -1 1 1 1 1 -1 -1 1 -1 -1 -1 1 1 1 1 0
-1 1 1 -1 1 1 1 1 1 1 -1 -1 1 1 -1 1 1 0
-1 -1 -1 1 1 -1 -1 -1 -1 -1 -1 1 -1 1 -1 -1 1 0
-1 -1 -1 1 1 -1 1 1 -1 1 -1 1 1 1 -1 1 1 0
-1 -1 -1 1 1 1 -1 -1 -1 -1 -1 1 1 1 -1 1 1 0
-1 -1 -1 1 1 1 -1 -1 -1 -1 -1 1 1 1 -1 1 1 0
-1 -1 -1 1 1 1 1 -1 -1 1 -1 1 1 1 -1 1 1 0
-1 -1 -1 1 1 1 -1 -1 -1 -1 -1 1 1 1 -1 -1 1 0
-1 1 -1 1 1 1 1 1 -1 -1 1 1 1 1 1 1 1 0
-1 1 -1 1 1 1 -1 -1 -1 1 -1 1 1 1 -1 -1 1 0
-1 -1 -1 1 1 -1 1 -1 1 1 -1 -1 -1 1 -1 1 1 0
-1 1 1 1 1 1 1 1 1 -1 -1 1 1 1 -1 1 1 0
-1 -1 -1 1 1 1 -1 -1 -1 -1 -1 1 1 1 -1 -1 1 0
1 1 -1 1 1 1 -1 -1 -1 -1 1 -1 1 1 -1 1 1 0
-1 -1 -1 1 1 1 -1 -1 -1 -1 -1 1 1 1 -1 1 1 0
-1 1 -1 1 1 1 -1 -1 -1 1 -1 1 1 1 -1 -1 1 0
-1 1 -1 1 1 1 -1 -1 -1 1 -1 1 1 1 -1 -1 1 0
-1 -1 -1 1 1 1 -1 -1 -1 -1 1 1 1 1 -1 1 1 0
1 1 1 1 1 1 1 1 -1 1 -1 -1 1 1 -1 1 1 0
-1 -1 -1 1 1 1 1 1 1 1 -1 1 1 1 -1 1 1 0
1 -1 1 -1 -1 -1 1 1 1 1 -1 -1 -1 -1 1 1 0 1
1 1 1 -1 -1 -1 1 1 1 -1 -1 -1 -1 -1 1 1 0 1
-1 -1 1 -1 -1 -1 1 1 1 1 1 -1 -1 -1 1 1 0 1
1 1 1 -1 -1 -1 1 1 1 -1 -1 -1 -1 -1 1 1 0 1
-1 1 1 -1 -1 -1 1 1 1 1 1 -1 -1 -1 1 1 0 1
1 1 1 -1 -1 -1 1 1 1 -1 -1 -1 -1 -1 -1 1 0 1
-1 -1 1 -1 -1 1 1 1 1 1 1 -1 -1 -1 1 1 0 1
-1 -1 1 -1 -1 -1 1 1 1 1 1 -1 1 -1 1 1 0 1
1 -1 1 -1 -1 1 1 1 1 1 1 -1 -1 -1 1 1 0 1
-1 1 1 -1 1 1 -1 -1 -1 1 1 1 1 1 -1 1 0 1
-1 -1 1 -1 -1 1 1 1 1 -1 -1 -1 -1 -1 1 1 0 1
1 1 1 -1 1 1 -1 -1 -1 -1 1 -1 1 1 1 1 0 1
1 1 1 -1 -1 -1 1 1 1 -1 -1 -1 -1 -1 1 1 0 1
1 -1 1 -1 -1 -1 1 1 1 -1 1 -1 -1 -1 1 1 0 1
-1 -1 1 -1 -1 1 1 1 1 -1 1 -1 -1 1 1 1 0 1
1 1 1 -1 -1 -1 1 1 1 -1 -1 -1 -1 -1 1 1 0 1
-1 -1 1 -1 -1 1 1 1 1 1 -1 1 -1 1 1 1 0 1
1 1 1 -1 -1 -1 1 1 1 1 -1 -1 -1 -1 1 1 0 1
1 1 1 -1 -1 -1 1 1 -1 1 1 -1 -1 1 1 1 0 1
-1 -1 1 -1 1 -1 1 1 1 -1 -1 -1 -1 1 -1 1 0 1
1 -1 1 -1 1 1 -1 1 1 -1 1 -1 1 1 1 1 0 1
1 -1 1 -1 -1 -1 1 1 1 1 -1 -1 -1 -1 -1 1 0 1
-1 -1 1 -1 -1 -1 1 1 1 -1 1 -1 -1 -1 1 1 0 1
1 -1 1 -1 -1 -1 1 1 1 1 -1 -1 1 -1 1 1 0 1
1 -1 -1 -1 1 1 -1 -1 -1 -1 1 1 -1 1 -1 1 0 1
1 1 1 -1 -1 -1 1 1 1 -1 -1 -1 -1 -1 1 1 0 1
1 -1 -1 -1 1 1 1 -1 1 -1 -1 -1 -1 1 -1 -1 0 1
-1 1 1 -1 1 1 -1 -1 -1 -1 1 -1 1 1 -1 -1 0 1
1 1 1 -1 -1 -1 1 1 1 -1 -1 -1 -1 -1 1 1 0 1
-1 -1 1 -1 -1 1 1 1 1 1 1 1 -1 1 1 1 0 1
1 -1 1 -1 1 1 1 1 1 1 -1 -1 1 1 -1 1 0 1
-1 1 1 -1 -1 1 1 1 -1 1 1 -1 1 1 -1 1 0 1
-1 1 -1 -1 -1 -1 1 1 1 1 1 -1 -1 -1 1 1 0 1
1 1 1 -1 -1 -1 1 1 1 -1 -1 -1 -1 -1 1 1 0 1
-1 1 1 -1 -1 -1 -1 1 1 1 1 -1 -1 -1 1 1 0 1
1 1 1 -1 -1 -1 1 1 1 -1 1 -1 -1 -1 -1 1 0 1
1 1 1 -1 -1 -1 1 1 1 -1 -1 -1 -1 -1 -1 1 0 1
-1 -1 1 -1 -1 -1 1 1 1 -1 -1 -1 -1 -1 1 1 0 1
1 1 1 -1 1 1 -1 1 -1 -1 1 -1 1 1 -1 1 0 1
1 1 -1 1 -1 -1 1 1 1 -1 1 -1 -1 1 -1 1 0 1
1 -1 1 -1 -1 1 -1 1 1 1 1 1 1 -1 -1 1 0 1
-1 1 1 -1 -1 1 1 1 1 -1 1 1 -1 -1 1 1 0 1
1 -1 1 -1 -1 -1 1 1 1 1 -1 -1 -1 1 1 1 0 1
-1 1 1 -1 1 1 1 -1 -1 1 1 -1 1 -1 1 1 0 1
1 1 1 -1 -1 -1 1 1 1 -1 1 -1 -1 -1 1 1 0 1
-1 1 -1 -1 -1 1 1 -1 1 -1 1 -1 -1 -1 1 1 0 1
-1 1 1 -1 -1 1 1 1 1 1 -1 -1 -1 -1 1 1 0 1
1 1 1 -1 -1 1 1 1 1 1 1 1 1 1 -1 1 0 1
1 1 1 -1 -1 1 1 1 1 1 1 1 1 -1 -1 1 0 1
1 -1 1 -1 -1 -1 1 1 -1 1 1 -1 -1 -1 -1 1 0 1
1 1 1 -1 1 1 1 1 -1 1 -1 -1 -1 -1 1 1 0 1
-1 1 -1 -1 -1 1 1 1 1 1 -1 -1 -1 1 -1 1 0 1
1 1 1 -1 -1 -1 1 1 1 -1 -1 -1 -1 -1 1 1 0 1
1 1 -1 1 1 1 -1 -1 -1 -1 1 -1 1 1 -1 1 0 1
-1 1 1 -1 1 1 -1 1 -1 -1 1 -1 -1 -1 -1 1 0 1
-1 1 -1 -1 1 1 1 -1 -1 -1 1 1 -1 1 -1 1 0 1
1 1 1 -1 1 1 -1 -1 -1 -1 1 -1 1 -1 -1 1 0 1
-1 1 1 -1 1 1 -1 1 -1 -1 -1 -1 -1 -1 -1 1 0 1
-1 -1 1 -1 -1 1 1 1 1 1 1 -1 1 1 -1 1 0 1
1 -1 1 -1 1 1 -1 -1 1 1 -1 -1 1 1 -1 1 0 1
1 1 1 -1 -1 -1 1 1 1 -1 1 -1 -1 -1 -1 1 0 1
1 1 1 -1 -1 -1 1 1 1 -1 -1 -1 -1 -1 -1 1 0 1
1 1 1 -1 -1 -1 1 1 -1 1 -1 -1 -1 -1 -1 1 0 1
-1 -1 1 -1 -1 1 1 1 1 -1 1 -1 -1 -1 1 1 0 1
1 -1 1 -1 -1 -1 1 1 1 1 -1 -1 -1 -1 1 1 0 1
1 1 -1 -1 1 1 -1 -1 -1 1 1 1 1 1 -1 1 0 1
1 1 1 -1 -1 -1 1 1 1 -1 1 -1 -1 -1 1 1 0 1
-1 1 -1 1 1 1 -1 -1 -1 -1 -1 1 1 1 -1 1 1 0
-1 1 -1 1 1 1 -1 -1 -1 1 -1 1 1 1 -1 1 1 0
-1 1 -1 1 1 1 -1 -1 -1 -1 -1 1 1 1 -1 1 1 0
-1 1 -1 1 1 1 -1 -1 -1 1 -1 1 1 1 -1 -1 1 0
-1 1 -1 1 1 1 -1 -1 -1 1 1 1 1 1 -1 -1 1 0
-1 1 -1 1 1 1 -1 -1 -1 1 -1 1 1 1 -1 1 1 0
-1 1 -1 1 1 1 -1 -1 -1 1 -1 1 1 1 -1 -1 1 0
-1 -1 -1 1 1 1 -1 -1 -1 1 -1 1 1 1 -1 1 1 0
-1 -1 -1 1 1 1 -1 -1 -1 -1 -1 1 1 1 -1 -1 1 0
-1 1 1 -1 1 1 1 1 1 1 -1 -1 1 1 -1 1 1 0
-1 -1 -1 1 1 1 -1 -1 -1 -1 -1 1 1 1 -1 -1 1 0
1 1 -1 1 1 1 -1 1 -1 -1 -1 1 1 1 -1 1 1 0
-1 -1 -1 1 1 1 -1 -1 -1 1 -1 1 1 1 -1 1 1 0
-1 -1 -1 1 -1 -1 1 1 1 1 -1 -1 1 1 -1 1 1 0
-1 1 -1 1 1 1 -1 -1 -1 1 1 1 1 1 -1 1 1 0
1 1 -1 1 1 1 1 -1 -1 -1 -1 1 1 1 -1 -1 1 0
1 -1 1 1 1 1 1 1 -1 1 1 1 -1 1 1 1 1 0
-1 1 -1 1 1 1 -1 -1 -1 -1 -1 1 1 1 -1 1 1 0
-1 -1 1 1 1 1 1 -1 -1 -1 -1 1 1 1 -1 1 1 0
1 1 -1 1 1 1 -1 -1 -1 1 -1 1 1 1 -1 1 1 0
-1 1 -1 1 1 1 -1 -1 -1 -1 -1 1 1 1 -1 1 1 0
-1 1 -1 1 1 1 -1 -1 1 1 -1 1 1 1 -1 1 1 0
-1 -1 -1 1 -1 1 1 1 1 -1 -1 1 1 1 -1 1 1 0
-1 1 -1 1 1 1 -1 -1 -1 -1 -1 1 1 1 -1 -1 1 0
-1 -1 -1 1 1 -1 -1 -1 -1 -1 -1 1 -1 1 -1 1 1 0
1 -1 -1 1 1 -1 1 -1 -1 1 -1 -1 -1 1 1 1 1 0
-1 -1 -1 1 1 1 -1 -1 -1 1 -1 1 1 1 -1 -1 1 0
-1 1 -1 1 1 1 1 1 -1 1 -1 1 1 1 -1 1 1 0
-1 -1 -1 1 1 1 -1 -1 -1 -1 -1 1 1 1 -1 -1 1 0
-1 -1 -1 1 1 1 -1 -1 -1 1 -1 1 1 1 -1 -1 1 0
-1 1 1 1 1 1 1 1 -1 -1 -1 -1 1 1 1 1 1 0
-1 -1 -1 1 1 1 -1 -1 -1 1 1 1 1 1 -1 1 1 0
-1 -1 -1 1 1 1 1 -1 -1 1 -1 1 -1 1 1 1 1 0
-1 -1 1 1 1 1 1 1 1 1 -1 1 1 1 1 1 1 0
-1 -1 -1 1 1 1 -1 -1 -1 -1 -1 1 1 1 -1 -1 1 0
-1 1 -1 1 1 1 -1 -1 -1 -1 -1 -1 1 1 -1 1 1 0
-1 -1 -1 1 1 1 -1 -1 -1 -1 -1 1 1 1 -1 1 1 0
-1 1 -1 1 1 1 -1 1 -1 -1 -1 -1 1 1 -1 1 1 0
1 1 -1 1 1 1 -1 -1 -1 1 -1 1 1 1 -1 1 1 0
-1 -1 -1 1 1 1 -1 -1 -1 1 -1 1 1 1 -1 1 1 0
-1 -1 -1 1 1 1 1 1 -1 1 -1 1 1 1 -1 1 1 0
-1 1 -1 1 1 1 -1 -1 -1 1 -1 1 1 1 -1 -1 1 0
1 1 1 -1 -1 -1 1 1 1 -1 -1 -1 1 -1 1 1 0 1
-1 1 1 -1 -1 -1 1 1 1 1 -1 -1 -1 -1 1 1 0 1
1 -1 1 -1 -1 -1 1 1 1 1 -1 -1 -1 -1 1 1 0 1
-1 1 1 -1 1 1 1 1 1 1 -1 -1 1 1 -1 1 0 1
1 -1 1 -1 -1 -1 1 1 1 -1 -1 -1 -1 -1 1 1 0 1
1 1 1 -1 -1 -1 1 1 1 -1 1 -1 -1 -1 1 1 0 1
1 1 1 -1 -1 -1 1 1 1 -1 1 -1 -1 -1 1 1 0 1
1 1 -1 -1 -1 -1 1 1 1 -1 1 -1 -1 -1 1 1 0 1
1 -1 1 -1 -1 -1 1 1 1 1 -1 -1 -1 -1 1 1 0 1
-1 1 1 1 1 1 -1 1 1 1 1 1 1 1 -1 1 0 1
1 1 1 -1 1 1 -1 -1 -1 1 1 -1 1 1 -1 1 0 1
-1 1 1 1 1 1 -1 -1 -1 1 1 1 1 1 1 1 0 1
-1 1 1 -1 -1 -1 -1 1 1 -1 1 -1 -1 1 1 1 0 1
1 -1 1 -1 -1 -1 1 1 1 1 1 1 -1 1 -1 1 0 1
1 -1 1 -1 -1 -1 1 1 1 -1 -1 -1 -1 -1 -1 1 0 1
-1 1 1 -1 -1 -1 1 1 1 -1 -1 -1 1 -1 -1 1 0 1
1 1 1 -1 -1 1 1 1 1 1 1 -1 -1 -1 1 1 0 1
1 -1 1 -1 -1 -1 1 1 1 1 -1 -1 -1 -1 1 1 0 1
-1 1 1 -1 -1 -1 1 1 1 1 -1 -1 1 -1 1 1 0 1
1 -1 1 -1 -1 -1 1 -1 1 1 1 -1 -1 -1 1 1 0 1
-1 -1 1 -1 1 1 -1 -1 -1 -1 1 1 1 1 -1 1 0 1
1 -1 1 -1 -1 -1 1 1 1 1 -1 -1 -1 1 1 1 0 1
1 -1 1 -1 -1 -1 1 1 1 -1 -1 -1 -1 -1 -1 1 0 1
1 -1 1 -1 -1 -1 1 1 1 -1 -1 -1 -1 -1 1 1 0 1
1 -1 1 -1 1 1 1 -1 -1 -1 1 -1 -1 1 -1 1 0 1
-1 1 1 -1 -1 1 1 1 1 -1 -1 -1 -1 -1 -1 1 0 1
-1 -1 1 -1 1 1 -1 -1 -1 -1 -1 -1 1 1 -1 -1 0 1
1 -1 1 -1 -1 -1 1 1 1 1 1 -1 1 -1 1 1 0 1
-1 -1 1 -1 -1 -1 1 1 1 1 -1 -1 -1 -1 1 1 0 1
1 1 1 -1 -1 1 1 1 1 -1 1 -1 1 -1 -1 1 0 1
1 -1 1 -1 -1 1 1 1 1 1 -1 -1 -1 1 -1 1 0 1
1 1 1 -1 -1 -1 1 1 1 -1 -1 -1 -1 -1 -1 1 0 1
-1 1 1 -1 -1 1 1 1 1 1 -1 -1 1 1 1 1 0 1
-1 1 1 -1 1 1 1 1 1 1 -1 -1 -1 -1 1 1 0 1
1 -1 1 -1 -1 1 1 1 1 -1 -1 -1 -1 1 -1 1 0 1
-1 -1 1 -1 -1 1 1 1 1 1 -1 -1 1 -1 -1 1 0 1
1 -1 1 -1 -1 -1 1 1 1 -1 -1 -1 -1 -1 -1 1 0 1
1 -1 1 -1 -1 -1 1 1 1 -1 -1 -1 -1 -1 1 1 0 1
1 1 1 -1 1 1 -1 1 1 1 -1 -1 1 1 -1 1 0 1
1 1 1 -1 -1 -1 1 1 -1 -1 -1 -1 -1 1 -1 1 0 1
1 1 1 -1 -1 -1 1 1 1 -1 -1 -1 -1 -1 1 1 0 1
-1 1 1 -1 -1 -1 1 1 1 1 1 -1 -1 1 1 1 0 1
-1 1 1 -1 -1 1 -1 1 -1 1 1 -1 -1 -1 1 1 0 1
1 1 1 -1 1 1 1 1 1 -1 -1 -1 -1 -1 1 1 0 1
1 1 1 -1 -1 -1 1 1 1 -1 -1 -1 1 -1 1 1 0 1
-1 1 1 -1 1 1 -1 -1 -1 -1 1 -1 1 -1 -1 1 0 1
-1 1 1 -1 -1 1 1 1 1 1 -1 -1 -1 1 1 1 0 1
1 1 1 -1 -1 -1 1 1 1 -1 1 -1 -1 -1 1 1 0 1
1 1 1 -1 -1 1 1 1 -1 -1 1 -1 -1 -1 1 1 0 1
1 1 1 -1 1 1 1 1 -1 1 1 -1 -1 -1 1 1 0 1
1 1 1 -1 1 -1 1 1 1 1 -1 -1 -1 -1 1 1 0 1
-1 1 -1 1 1 1 -1 -1 -1 -1 1 1 -1 1 -1 -1 0 1
-1 -1 -1 -1 -1 -1 1 1 1 1 -1 1 1 1 1 1 0 1
1 1 1 -1 1 1 -1 1 1 1 1 -1 -1 -1 -1 1 0 1
1 1 1 -1 1 1 -1 1 1 -1 1 -1 -1 1 -1 1 0 1
1 1 -1 -1 -1 -1 -1 1 1 -1 1 -1 -1 -1 1 -1 0 1
1 1 1 -1 -1 -1 -1 1 -1 -1 1 -1 -1 -1 1 1 0 1
1 1 1 -1 -1 1 1 1 1 1 -1 -1 -1 -1 1 1 0 1
1 -1 1 -1 -1 -1 1 1 1 -1 -1 -1 -1 -1 1 1 0 1
-1 -1 -1 1 1 1 -1 -1 -1 -1 1 1 1 1 -1 -1 0 1
1 -1 1 -1 -1 1 1 1 1 1 1 -1 -1 -1 -1 1 0 1
-1 1 1 -1 -1 1 1 1 1 1 -1 -1 -1 -1 -1 1 0 1
1 1 1 -1 -1 -1 1 1 1 -1 -1 -1 -1 -1 -1 1 0 1
-1 1 1 -1 -1 1 1 1 1 -1 1 -1 -1 1 1 1 0 1
1 -1 1 -1 -1 -1 1 1 1 1 -1 -1 -1 -1 1 1 0 1
-1 -1 1 -1 -1 -1 1 1 1 1 -1 -1 -1 -1 -1 1 0 1
