**********
SEMILLA 1
**********
1	0.0308772	0	0.039932
2	0.0318244	0	0.0419126
3	0.0321911	0	0.0424857
4	0.0320799	0	0.0422506
5	0.0318189	0	0.0417644
6	0.0315519	0	0.0412486
7	0.0313072	0	0.0407393
8	0.031079	0	0.0402375
9	0.0308681	0	0.0397845
10	0.0306859	0	0.0394355
11	0.0305367	0	0.0392102
12	0.030415	0	0.03909
13	0.030313	0	0.0390425
14	0.0302263	0	0.0390405
15	0.0301539	0	0.039068
16	0.0300972	0	0.0391178
17	0.0300577	0	0.039185
18	0.0300334	0	0.0392616
19	0.0300191	0	0.0393348
20	0.030008	0	0.0393914
21	0.0299938	0	0.0394203
22	0.0299718	0	0.039415
23	0.0299396	0	0.039373
24	0.029897	0	0.0392965
25	0.0298457	0	0.039191
26	0.0297885	0	0.0390648
27	0.0297288	0	0.0389268
28	0.0296687	0	0.0387837
29	0.0296089	0	0.0386383
30	0.029549	0	0.0384882
31	0.0294885	0	0.0383281
32	0.0294289	0	0.0381549
33	0.0293751	0	0.0379738
34	0.0293324	0	0.0377981
35	0.0293034	0	0.0376409
36	0.0292863	0	0.0375089
37	0.0292779	0	0.0374021
38	0.0292748	0	0.0373172
39	0.0292748	0	0.0372497
40	0.0292764	0	0.0371955
41	0.0292786	0	0.0371516
42	0.029281	0	0.0371154
43	0.0292834	0	0.0370852
44	0.0292857	0	0.0370595
45	0.0292876	0	0.0370375
46	0.0292893	0	0.0370183
47	0.0292906	0	0.0370014
48	0.0292917	0	0.0369864
49	0.0292924	0	0.0369729
50	0.0292929	0	0.0369606
51	0.0292932	0	0.0369495
52	0.0292932	0	0.0369392
53	0.029293	0	0.0369296
54	0.0292925	0	0.0369207
55	0.0292919	0	0.0369123
56	0.0292911	0	0.0369044
57	0.02929	0	0.0368969
58	0.0292888	0	0.0368897
59	0.0292875	0	0.0368828
60	0.029286	0	0.0368762
61	0.0292843	0	0.0368698
62	0.0292824	0	0.0368635
63	0.0292804	0	0.0368575
64	0.0292783	0	0.0368516
65	0.029276	0	0.0368458
66	0.0292736	0	0.0368401
67	0.029271	0	0.0368346
68	0.0292683	0	0.0368291
69	0.0292654	0	0.0368236
70	0.0292624	0	0.0368183
71	0.0292593	0	0.036813
72	0.029256	0	0.0368077
73	0.0292525	0	0.0368026
74	0.0292489	0	0.0367974
75	0.0292451	0	0.0367923
76	0.0292411	0	0.0367872
77	0.029237	0	0.0367822
78	0.0292327	0	0.0367772
79	0.0292282	0	0.0367723
80	0.0292235	0	0.0367674
81	0.0292186	0	0.0367626
82	0.0292134	0	0.0367578
83	0.0292081	0	0.0367531
84	0.0292025	0	0.0367484
85	0.0291966	0	0.0367438
86	0.0291905	0	0.0367393
87	0.0291841	0	0.0367348
88	0.0291774	0	0.0367304
89	0.0291704	0	0.0367261
90	0.0291632	0	0.0367218
91	0.0291556	0	0.0367177
92	0.0291478	0	0.0367136
93	0.0291396	0	0.0367095
94	0.0291311	0	0.0367056
95	0.0291224	0	0.0367016
96	0.0291134	0	0.0366977
97	0.0291041	0	0.0366939
98	0.0290946	0	0.03669
99	0.0290848	0	0.0366861
100	0.0290749	0	0.0366822
101	0.0290648	0	0.0366782
102	0.0290546	0	0.0366742
103	0.0290442	0	0.0366702
104	0.0290338	0	0.036666
105	0.0290232	0	0.0366618
106	0.0290126	0	0.0366575
107	0.029002	0	0.0366531
108	0.0289913	0	0.0366486
109	0.0289806	0	0.0366441
110	0.0289698	0	0.0366394
111	0.028959	0	0.0366346
112	0.0289482	0	0.0366298
113	0.0289374	0	0.0366249
114	0.0289265	0	0.0366198
115	0.0289155	0	0.0366147
116	0.0289045	0	0.0366096
117	0.0288935	0	0.0366043
118	0.0288823	0	0.036599
119	0.0288711	0	0.0365936
120	0.0288598	0	0.0365881
121	0.0288484	0	0.0365826
122	0.028837	0	0.036577
123	0.0288254	0	0.0365713
124	0.0288137	0	0.0365655
125	0.0288019	0	0.0365597
126	0.0287901	0	0.0365538
127	0.0287781	0	0.0365479
128	0.028766	0	0.0365418
129	0.0287539	0	0.0365357
130	0.0287416	0	0.0365295
131	0.0287293	0	0.0365232
132	0.0287168	0	0.0365168
133	0.0287043	0	0.0365102
134	0.0286917	0	0.0365036
135	0.028679	0	0.0364969
136	0.0286662	0	0.0364901
137	0.0286534	0	0.0364831
138	0.0286405	0	0.036476
139	0.0286276	0	0.0364687
140	0.0286146	0	0.0364613
141	0.0286016	0	0.0364538
142	0.0285885	0	0.0364461
143	0.0285753	0	0.0364382
144	0.0285621	0	0.0364301
145	0.0285489	0	0.0364218
146	0.0285357	0	0.0364133
147	0.0285224	0	0.0364047
148	0.0285091	0	0.0363957
149	0.0284958	0	0.0363866
150	0.0284825	0	0.0363772
151	0.0284691	0	0.0363675
152	0.0284557	0	0.0363576
153	0.0284423	0	0.0363473
154	0.0284289	0	0.0363368
155	0.0284155	0	0.0363259
156	0.028402	0	0.0363146
157	0.0283885	0	0.036303
158	0.028375	0	0.036291
159	0.0283614	0	0.0362785
160	0.0283478	0	0.0362656
161	0.0283342	0	0.0362522
162	0.0283205	0	0.0362383
163	0.0283067	0	0.0362239
164	0.0282929	0	0.0362089
165	0.028279	0	0.0361933
166	0.028265	0	0.036177
167	0.0282509	0	0.0361601
168	0.0282366	0	0.0361424
169	0.0282223	0	0.0361239
170	0.0282077	0	0.0361045
171	0.028193	0	0.0360843
172	0.0281781	0	0.0360631
173	0.0281629	0	0.0360408
174	0.0281475	0	0.0360175
175	0.0281317	0	0.035993
176	0.0281157	0	0.0359672
177	0.0280993	0	0.0359401
178	0.0280824	0	0.0359116
179	0.0280652	0	0.0358815
180	0.0280474	0	0.0358499
181	0.0280291	0	0.0358167
182	0.0280102	0	0.0357817
183	0.0279906	0	0.0357449
184	0.0279703	0	0.0357064
185	0.0279493	0	0.035666
186	0.0279275	0	0.0356239
187	0.0279048	0	0.03558
188	0.0278812	0	0.0355345
189	0.0278566	0	0.0354876
190	0.0278311	0	0.0354394
191	0.0278046	0	0.0353901
192	0.027777	0	0.03534
193	0.0277485	0	0.0352894
194	0.0277189	0	0.0352383
195	0.0276882	0	0.0351872
196	0.0276566	0	0.0351361
197	0.0276239	0	0.0350852
198	0.0275902	0	0.0350346
199	0.0275556	0	0.0349844
200	0.02752	0	0.0349345
201	0.0274835	0	0.0348851
202	0.0274461	0	0.034836
203	0.027408	0	0.0347873
204	0.0273691	0	0.034739
205	0.0273295	0	0.0346909
206	0.0272892	0	0.0346431
207	0.0272484	0	0.0345956
208	0.0272071	0	0.0345483
209	0.0271654	0	0.0345013
210	0.0271233	0	0.0344545
211	0.0270809	0	0.0344078
212	0.0270382	0	0.0343614
213	0.0269954	0	0.0343153
214	0.0269525	0	0.0342693
215	0.0269096	0	0.0342235
216	0.0268667	0	0.0341779
217	0.0268239	0	0.0341325
218	0.0267812	0	0.0340873
219	0.0267387	0	0.0340422
220	0.0266964	0	0.0339973
221	0.0266545	0	0.0339526
222	0.0266128	0	0.0339081
223	0.0265716	0	0.0338637
224	0.0265308	0	0.0338195
225	0.0264904	0	0.0337755
226	0.0264505	0	0.0337317
227	0.0264111	0	0.033688
228	0.0263723	0	0.0336446
229	0.0263341	0	0.0336015
230	0.0262965	0	0.0335586
231	0.0262595	0	0.0335161
232	0.0262232	0	0.033474
233	0.0261875	0	0.0334323
234	0.0261525	0	0.0333911
235	0.0261182	0	0.0333506
236	0.0260846	0	0.0333108
237	0.0260517	0	0.0332719
238	0.0260194	0	0.033234
239	0.0259878	0	0.0331974
240	0.0259569	0	0.0331623
241	0.0259265	0	0.0331289
242	0.0258968	0	0.0330977
243	0.0258676	0	0.0330689
244	0.0258389	0	0.033043
245	0.0258106	0	0.0330207
246	0.0257828	0	0.0330023
247	0.0257554	0	0.0329888
248	0.0257284	0	0.0329806
249	0.0257018	0	0.0329785
250	0.0256756	0	0.0329831
251	0.02565	0	0.0329949
252	0.0256251	0	0.0330139
253	0.0256011	0	0.0330399
254	0.0255782	0	0.0330721
255	0.0255565	0	0.033109
256	0.0255362	0	0.0331491
257	0.0255174	0	0.0331903
258	0.0254999	0	0.0332308
259	0.0254836	0	0.0332691
260	0.0254685	0	0.0333039
261	0.0254544	0	0.0333347
262	0.025441	0	0.0333609
263	0.0254283	0	0.0333827
264	0.0254161	0	0.0334001
265	0.0254043	0	0.0334134
266	0.0253929	0	0.033423
267	0.0253818	0	0.0334292
268	0.0253709	0	0.0334324
269	0.0253602	0	0.0334328
270	0.0253497	0	0.0334309
271	0.0253394	0	0.0334269
272	0.0253292	0	0.033421
273	0.0253191	0	0.0334134
274	0.0253092	0	0.0334043
275	0.0252995	0	0.0333938
276	0.0252898	0	0.0333822
277	0.0252803	0	0.0333694
278	0.0252708	0	0.0333557
279	0.0252615	0	0.0333411
280	0.0252523	0	0.0333256
281	0.0252432	0	0.0333094
282	0.0252341	0	0.0332925
283	0.0252252	0	0.0332749
284	0.0252163	0	0.0332568
285	0.0252076	0	0.0332381
286	0.0251989	0	0.0332188
287	0.0251903	0	0.0331991
288	0.0251818	0	0.033179
289	0.0251734	0	0.0331584
290	0.025165	0	0.0331375
291	0.0251568	0	0.0331162
292	0.0251486	0	0.0330945
293	0.0251405	0	0.0330726
294	0.0251324	0	0.0330504
295	0.0251245	0	0.033028
296	0.0251166	0	0.0330053
297	0.0251088	0	0.0329826
298	0.0251011	0	0.0329596
299	0.0250935	0	0.0329366
300	0.0250859	0	0.0329136
301	0.0250784	0	0.0328905
302	0.0250711	0	0.0328675
303	0.0250638	0	0.0328445
304	0.0250565	0	0.0328217
305	0.0250494	0	0.0327989
306	0.0250424	0	0.0327764
307	0.0250354	0	0.0327541
308	0.0250285	0	0.032732
309	0.0250218	0	0.0327101
310	0.0250151	0	0.0326886
311	0.0250084	0	0.0326673
312	0.0250019	0	0.0326464
313	0.0249954	0	0.0326258
314	0.0249891	0	0.0326056
315	0.0249828	0	0.0325857
316	0.0249765	0	0.0325661
317	0.0249704	0	0.0325469
318	0.0249643	0	0.032528
319	0.0249582	0	0.0325095
320	0.0249523	0	0.0324913
321	0.0249464	0	0.0324734
322	0.0249405	0	0.0324558
323	0.0249348	0	0.0324385
324	0.024929	0	0.0324214
325	0.0249234	0	0.0324047
326	0.0249177	0	0.0323881
327	0.0249122	0	0.0323719
328	0.0249067	0	0.0323558
329	0.0249012	0	0.03234
330	0.0248957	0	0.0323243
331	0.0248904	0	0.0323089
332	0.024885	0	0.0322936
333	0.0248797	0	0.0322785
334	0.0248744	0	0.0322636
335	0.0248692	0	0.0322489
336	0.024864	0	0.0322342
337	0.0248589	0	0.0322197
338	0.0248538	0	0.0322054
339	0.0248487	0	0.0321911
340	0.0248436	0	0.032177
341	0.0248386	0	0.032163
342	0.0248336	0	0.0321491
343	0.0248287	0	0.0321353
344	0.0248238	0	0.0321217
345	0.0248189	0	0.0321081
346	0.024814	0	0.0320946
347	0.0248092	0	0.0320811
348	0.0248044	0	0.0320678
349	0.0247996	0	0.0320546
350	0.0247949	0	0.0320414
351	0.0247902	0	0.0320283
352	0.0247855	0	0.0320153
353	0.0247808	0	0.0320024
354	0.0247762	0	0.0319895
355	0.0247715	0	0.0319767
356	0.0247669	0	0.031964
357	0.0247624	0	0.0319513
358	0.0247578	0	0.0319387
359	0.0247533	0	0.0319261
360	0.0247488	0	0.0319137
361	0.0247443	0	0.0319013
362	0.0247399	0	0.0318889
363	0.0247355	0	0.0318766
364	0.024731	0	0.0318644
365	0.0247267	0	0.0318522
366	0.0247223	0	0.03184
367	0.0247179	0	0.031828
368	0.0247136	0	0.0318159
369	0.0247093	0	0.031804
370	0.024705	0	0.0317921
371	0.0247008	0	0.0317802
372	0.0246965	0	0.0317684
373	0.0246923	0	0.0317566
374	0.0246881	0	0.0317449
375	0.0246839	0	0.0317332
376	0.0246797	0	0.0317216
377	0.0246756	0	0.03171
378	0.0246714	0	0.0316984
379	0.0246673	0	0.0316869
380	0.0246632	0	0.0316755
381	0.0246591	0	0.0316641
382	0.0246551	0	0.0316527
383	0.024651	0	0.0316414
384	0.024647	0	0.0316301
385	0.024643	0	0.0316188
386	0.024639	0	0.0316076
387	0.024635	0	0.0315964
388	0.024631	0	0.0315853
389	0.024627	0	0.0315742
390	0.0246231	0	0.0315631
391	0.0246192	0	0.0315521
392	0.0246153	0	0.0315411
393	0.0246114	0	0.0315301
394	0.0246075	0	0.0315192
395	0.0246036	0	0.0315083
396	0.0245998	0	0.0314974
397	0.024596	0	0.0314866
398	0.0245921	0	0.0314758
399	0.0245883	0	0.031465
400	0.0245845	0	0.0314543
401	0.0245808	0	0.0314435
402	0.024577	0	0.0314328
403	0.0245733	0	0.0314222
404	0.0245695	0	0.0314115
405	0.0245658	0	0.0314009
406	0.0245621	0	0.0313903
407	0.0245584	0	0.0313798
408	0.0245547	0	0.0313693
409	0.024551	0	0.0313587
410	0.0245474	0	0.0313482
411	0.0245437	0	0.0313378
412	0.0245401	0	0.0313273
413	0.0245365	0	0.0313169
414	0.0245329	0	0.0313065
415	0.0245293	0	0.0312961
416	0.0245257	0	0.0312858
417	0.0245221	0	0.0312754
418	0.0245185	0	0.0312651
419	0.024515	0	0.0312548
420	0.0245114	0	0.0312445
421	0.0245079	0	0.0312342
422	0.0245044	0	0.031224
423	0.0245009	0	0.0312137
424	0.0244974	0	0.0312035
425	0.0244939	0	0.0311933
426	0.0244904	0	0.0311831
427	0.024487	0	0.0311729
428	0.0244835	0	0.0311627
429	0.0244801	0	0.0311526
430	0.0244766	0	0.0311424
431	0.0244732	0	0.0311323
432	0.0244698	0	0.0311222
433	0.0244664	0	0.031112
434	0.024463	0	0.0311019
435	0.0244596	0	0.0310918
436	0.0244562	0	0.0310817
437	0.0244528	0	0.0310716
438	0.0244494	0	0.0310615
439	0.0244461	0	0.0310514
440	0.0244427	0	0.0310414
441	0.0244394	0	0.0310313
442	0.024436	0	0.0310212
443	0.0244327	0	0.0310111
444	0.0244294	0	0.031001
445	0.0244261	0	0.0309909
446	0.0244228	0	0.0309809
447	0.0244194	0	0.0309708
448	0.0244161	0	0.0309607
449	0.0244129	0	0.0309506
450	0.0244096	0	0.0309404
451	0.0244063	0	0.0309303
452	0.024403	0	0.0309202
453	0.0243997	0	0.03091
454	0.0243964	0	0.0308999
455	0.0243932	0	0.0308897
456	0.0243899	0	0.0308795
457	0.0243867	0	0.0308693
458	0.0243834	0	0.030859
459	0.0243801	0	0.0308487
460	0.0243769	0	0.0308384
461	0.0243737	0	0.0308281
462	0.0243704	0	0.0308178
463	0.0243672	0	0.0308074
464	0.0243639	0	0.030797
465	0.0243607	0	0.0307865
466	0.0243575	0	0.030776
467	0.0243543	0	0.0307654
468	0.024351	0	0.0307548
469	0.0243478	0	0.0307442
470	0.0243446	0	0.0307335
471	0.0243414	0	0.0307227
472	0.0243382	0	0.0307119
473	0.024335	0	0.030701
474	0.0243318	0	0.03069
475	0.0243286	0	0.0306789
476	0.0243254	0	0.0306678
477	0.0243223	0	0.0306565
478	0.0243191	0	0.0306452
479	0.024316	0	0.0306337
480	0.0243128	0	0.0306222
481	0.0243097	0	0.0306105
482	0.0243066	0	0.0305987
483	0.0243035	0	0.0305867
484	0.0243005	0	0.0305746
485	0.0242975	0	0.0305623
486	0.0242945	0	0.0305499
487	0.0242915	0	0.0305372
488	0.0242886	0	0.0305244
489	0.0242857	0	0.0305114
490	0.0242828	0	0.0304981
491	0.0242801	0	0.0304845
492	0.0242774	0	0.0304707
493	0.0242747	0	0.0304566
494	0.0242722	0	0.0304422
495	0.0242697	0	0.0304274
496	0.0242674	0	0.0304123
497	0.0242652	0	0.0303968
498	0.0242631	0	0.0303809
499	0.0242612	0	0.0303645
500	0.0242595	0	0.0303477
501	0.024258	0	0.0303303
502	0.0242567	0	0.0303124
503	0.0242557	0	0.0302939
504	0.024255	0	0.0302748
505	0.0242546	0	0.030255
506	0.0242546	0	0.0302345
507	0.024255	0	0.0302133
508	0.0242559	0	0.0301914
509	0.0242573	0	0.0301687
510	0.0242593	0	0.0301452
511	0.0242618	0	0.0301209
512	0.0242651	0	0.0300959
513	0.024269	0	0.0300701
514	0.0242736	0	0.0300437
515	0.0242789	0	0.0300166
516	0.0242849	0	0.0299891
517	0.0242917	0	0.0299611
518	0.024299	0	0.029933
519	0.0243068	0	0.0299048
520	0.024315	0	0.0298768
521	0.0243235	0	0.0298491
522	0.024332	0	0.0298221
523	0.0243404	0	0.029796
524	0.0243484	0	0.029771
525	0.024356	0	0.0297472
526	0.0243628	0	0.0297249
527	0.0243688	0	0.0297042
528	0.0243738	0	0.0296852
529	0.0243779	0	0.029668
530	0.024381	0	0.0296526
531	0.024383	0	0.029639
532	0.0243841	0	0.0296272
533	0.0243843	0	0.029617
534	0.0243836	0	0.0296085
535	0.0243822	0	0.0296014
536	0.0243802	0	0.0295957
537	0.0243776	0	0.0295914
538	0.0243746	0	0.0295881
539	0.0243712	0	0.029586
540	0.0243674	0	0.0295848
541	0.0243634	0	0.0295844
542	0.0243592	0	0.0295848
543	0.0243549	0	0.0295859
544	0.0243505	0	0.0295875
545	0.024346	0	0.0295897
546	0.0243414	0	0.0295923
547	0.0243369	0	0.0295952
548	0.0243323	0	0.0295985
549	0.0243278	0	0.029602
550	0.0243233	0	0.0296058
551	0.0243189	0	0.0296097
552	0.0243145	0	0.0296138
553	0.0243102	0	0.029618
554	0.024306	0	0.0296223
555	0.0243018	0	0.0296265
556	0.0242977	0	0.0296308
557	0.0242937	0	0.0296351
558	0.0242897	0	0.0296394
559	0.0242859	0	0.0296436
560	0.0242821	0	0.0296477
Salida porque no mejora el entrenamiento!!
PESOS DE LA RED
===============
Salida Esperada Vs Salida Obtenida (test)
=========================================
0.430996 -- 0.44812 
0.40083 -- 0.428676 
0.191116 -- 0.415846 
0.366144 -- 0.412548 
0.367519 -- 0.455603 
0.604647 -- 0.44396 
0.465379 -- 0.478375 
0.459066 -- 0.429061 
0.161198 -- 0.437028 
0.529216 -- 0.41249 
0.232835 -- 0.406064 
0.268985 -- 0.440428 
0.404717 -- 0.57692 
0.234433 -- 0.438721 
0.68694 -- 0.421294 
0.612588 -- 0.417973 
0.472511 -- 0.598705 
0.771912 -- 0.448626 
0.767634 -- 0.447623 
0.529077 -- 0.443539 
0.840582 -- 0.599971 
0.304584 -- 0.434494 
0.375972 -- 0.435439 
0.706528 -- 0.516451 
0.192498 -- 0.43191 
0 -- 0.41466 
0.445856 -- 0.42981 
0.199522 -- 0.430532 
0.473098 -- 0.35979 
0.517121 -- 0.43834 
0.125798 -- 0.345394 
0.399047 -- 0.434809 
0.360765 -- 0.496521 
0.61931 -- 0.423367 
0.419672 -- 0.436388 
0.657247 -- 0.441545 
0.461055 -- 0.438551 
0.650546 -- 0.591004 
0.321302 -- 0.438007 
0.623597 -- 0.547375 
0.461309 -- 0.462557 
Finalizamos => Error de test final: 0.030255
**********
SEMILLA 2
**********
1	0.0324489	0	0.0414132
2	0.0352748	0	0.0451336
3	0.0358173	0	0.0456886
4	0.0346937	0	0.0442307
5	0.0336295	0	0.04283
6	0.0330751	0	0.0420759
7	0.0328194	0	0.0417736
8	0.0325702	0	0.041566
9	0.0321396	0	0.0411435
10	0.0316352	0	0.0405434
11	0.0312956	0	0.0400647
12	0.0311777	0	0.0398559
13	0.0311914	0	0.0398449
14	0.0312383	0	0.0398903
15	0.0312592	0	0.0398917
16	0.0312377	0	0.039819
17	0.0311814	0	0.0396847
18	0.0311016	0	0.0395108
19	0.031012	0	0.0393223
20	0.0309264	0	0.0391434
21	0.0308526	0	0.0389876
22	0.0307922	0	0.0388583
23	0.0307442	0	0.0387561
24	0.0307071	0	0.0386809
25	0.0306795	0	0.0386313
26	0.0306597	0	0.0386047
27	0.0306464	0	0.0385978
28	0.0306383	0	0.0386072
29	0.0306347	0	0.0386301
30	0.0306348	0	0.0386636
31	0.030638	0	0.0387055
32	0.0306435	0	0.0387531
33	0.0306504	0	0.0388043
34	0.030658	0	0.0388566
35	0.0306655	0	0.0389079
36	0.0306721	0	0.0389565
37	0.0306775	0	0.0390008
38	0.0306811	0	0.03904
39	0.0306832	0	0.0390737
40	0.0306836	0	0.039102
41	0.0306828	0	0.0391256
42	0.030681	0	0.0391452
43	0.0306787	0	0.0391616
44	0.0306762	0	0.0391758
45	0.0306738	0	0.0391887
46	0.0306717	0	0.0392009
47	0.0306702	0	0.0392131
48	0.0306694	0	0.0392258
49	0.0306693	0	0.0392393
50	0.0306701	0	0.0392538
51	0.0306717	0	0.0392697
52	0.0306743	0	0.0392872
53	0.0306781	0	0.0393064
54	0.0306831	0	0.0393276
55	0.0306896	0	0.0393509
56	0.0306979	0	0.039376
57	0.0307079	0	0.0394019
58	0.0307189	0	0.0394251
59	0.0307284	0	0.0394377
60	0.0307305	0	0.0394257
61	0.0307161	0	0.0393707
62	0.0306761	0	0.0392605
63	0.0306108	0	0.039105
64	0.030534	0	0.0389365
65	0.0304627	0	0.0387879
66	0.0304055	0	0.0386731
67	0.0303618	0	0.038589
68	0.0303272	0	0.0385255
69	0.0302969	0	0.0384722
70	0.0302675	0	0.0384216
71	0.0302369	0	0.0383691
72	0.0302047	0	0.0383133
73	0.0301714	0	0.038255
74	0.0301381	0	0.0381969
75	0.0301059	0	0.0381419
76	0.0300757	0	0.0380923
77	0.0300476	0	0.0380496
78	0.0300216	0	0.0380142
79	0.0299974	0	0.0379856
80	0.0299747	0	0.0379629
81	0.0299534	0	0.0379445
82	0.0299332	0	0.0379287
83	0.0299142	0	0.0379138
84	0.0298967	0	0.0378983
85	0.029881	0	0.037881
86	0.0298673	0	0.0378611
87	0.0298559	0	0.0378387
88	0.0298467	0	0.037814
89	0.0298398	0	0.037788
90	0.0298348	0	0.0377614
91	0.0298315	0	0.0377353
92	0.0298295	0	0.0377101
93	0.0298284	0	0.0376861
94	0.0298278	0	0.0376628
95	0.029827	0	0.0376394
96	0.0298254	0	0.0376143
97	0.0298224	0	0.0375849
98	0.0298168	0	0.0375482
99	0.0298076	0	0.0375
100	0.0297941	0	0.0374366
101	0.029776	0	0.0373557
102	0.0297549	0	0.037259
103	0.0297334	0	0.0371537
104	0.0297145	0	0.0370497
105	0.0296999	0	0.0369561
106	0.0296897	0	0.0368773
107	0.029683	0	0.0368139
108	0.0296787	0	0.0367639
109	0.029676	0	0.0367249
110	0.0296741	0	0.0366943
111	0.0296728	0	0.0366703
112	0.0296718	0	0.0366513
113	0.029671	0	0.036636
114	0.0296702	0	0.0366237
115	0.0296695	0	0.0366136
116	0.0296688	0	0.0366053
117	0.0296681	0	0.0365983
118	0.0296674	0	0.0365923
119	0.0296667	0	0.0365871
120	0.029666	0	0.0365825
121	0.0296653	0	0.0365783
122	0.0296646	0	0.0365744
123	0.0296639	0	0.0365707
124	0.0296632	0	0.0365671
125	0.0296624	0	0.0365635
126	0.0296617	0	0.0365599
127	0.0296611	0	0.0365561
128	0.0296604	0	0.0365522
129	0.0296597	0	0.0365481
130	0.029659	0	0.0365437
131	0.0296583	0	0.0365389
132	0.0296576	0	0.0365339
133	0.029657	0	0.0365284
134	0.0296563	0	0.0365226
135	0.0296557	0	0.0365162
136	0.0296551	0	0.0365094
137	0.0296545	0	0.036502
138	0.029654	0	0.036494
139	0.0296534	0	0.0364854
140	0.029653	0	0.0364762
141	0.0296525	0	0.0364662
142	0.0296522	0	0.0364554
143	0.0296519	0	0.0364438
144	0.0296518	0	0.0364314
145	0.0296517	0	0.036418
146	0.0296518	0	0.0364037
147	0.0296521	0	0.0363883
148	0.0296526	0	0.0363719
149	0.0296533	0	0.0363542
150	0.0296544	0	0.0363354
151	0.0296558	0	0.0363152
152	0.0296577	0	0.0362937
153	0.0296601	0	0.0362706
154	0.0296632	0	0.0362461
155	0.0296671	0	0.0362198
156	0.0296719	0	0.0361918
157	0.0296778	0	0.036162
158	0.0296852	0	0.0361301
159	0.0296942	0	0.0360962
160	0.0297054	0	0.0360602
161	0.0297192	0	0.0360219
162	0.0297361	0	0.0359817
163	0.0297568	0	0.0359395
164	0.0297821	0	0.035896
165	0.0298125	0	0.0358521
166	0.0298485	0	0.0358091
167	0.0298897	0	0.0357691
168	0.0299344	0	0.0357348
169	0.0299796	0	0.0357089
170	0.0300215	0	0.0356934
171	0.0300561	0	0.0356893
172	0.0300801	0	0.0356959
173	0.0300918	0	0.0357115
174	0.0300913	0	0.0357336
175	0.0300806	0	0.0357599
176	0.0300624	0	0.0357886
177	0.0300391	0	0.0358184
178	0.0300127	0	0.0358487
179	0.0299844	0	0.0358794
180	0.029955	0	0.0359105
181	0.029925	0	0.0359422
182	0.0298944	0	0.0359749
183	0.0298634	0	0.0360089
184	0.0298322	0	0.0360446
185	0.029801	0	0.0360825
186	0.0297701	0	0.0361227
187	0.02974	0	0.0361656
188	0.0297115	0	0.0362112
189	0.0296852	0	0.0362591
190	0.029662	0	0.0363089
191	0.0296424	0	0.0363597
192	0.0296267	0	0.0364105
193	0.0296149	0	0.0364603
194	0.0296066	0	0.0365082
195	0.0296016	0	0.0365536
196	0.0295992	0	0.0365963
197	0.0295989	0	0.0366361
198	0.0296002	0	0.0366732
199	0.0296027	0	0.036708
200	0.0296061	0	0.0367408
201	0.0296101	0	0.0367722
202	0.0296142	0	0.0368026
203	0.0296183	0	0.0368323
204	0.0296219	0	0.0368616
205	0.0296245	0	0.0368907
206	0.0296255	0	0.0369192
207	0.0296245	0	0.0369469
208	0.0296207	0	0.0369731
209	0.0296137	0	0.0369967
210	0.0296032	0	0.037017
211	0.0295893	0	0.0370331
212	0.0295722	0	0.0370444
213	0.0295524	0	0.0370509
214	0.0295308	0	0.0370527
215	0.029508	0	0.0370506
216	0.0294847	0	0.0370452
217	0.0294617	0	0.0370373
218	0.0294395	0	0.0370276
219	0.0294188	0	0.0370166
220	0.0293999	0	0.0370045
221	0.0293836	0	0.0369913
222	0.0293702	0	0.0369767
223	0.0293604	0	0.0369602
224	0.0293545	0	0.0369413
225	0.0293525	0	0.0369194
226	0.0293543	0	0.0368944
227	0.0293595	0	0.0368664
228	0.0293673	0	0.0368358
229	0.0293769	0	0.0368037
230	0.0293876	0	0.0367708
231	0.0293986	0	0.0367383
232	0.0294094	0	0.0367069
233	0.0294197	0	0.0366773
234	0.0294292	0	0.0366497
235	0.0294378	0	0.0366243
236	0.0294454	0	0.0366013
237	0.0294523	0	0.0365805
238	0.0294582	0	0.0365618
239	0.0294635	0	0.036545
240	0.029468	0	0.03653
241	0.0294719	0	0.0365166
242	0.0294753	0	0.0365046
243	0.0294783	0	0.0364939
244	0.0294808	0	0.0364843
245	0.0294829	0	0.0364758
246	0.0294847	0	0.0364681
247	0.0294862	0	0.0364612
248	0.0294874	0	0.036455
249	0.0294884	0	0.0364495
250	0.0294892	0	0.0364445
251	0.0294897	0	0.0364401
252	0.0294901	0	0.036436
253	0.0294904	0	0.0364324
254	0.0294905	0	0.0364292
255	0.0294905	0	0.0364263
256	0.0294903	0	0.0364236
257	0.0294901	0	0.0364213
258	0.0294897	0	0.0364192
259	0.0294893	0	0.0364173
260	0.0294887	0	0.0364156
261	0.0294881	0	0.0364141
262	0.0294874	0	0.0364128
263	0.0294866	0	0.0364116
264	0.0294858	0	0.0364106
265	0.0294849	0	0.0364097
266	0.0294839	0	0.0364089
267	0.0294829	0	0.0364082
268	0.0294818	0	0.0364076
269	0.0294807	0	0.0364071
270	0.0294796	0	0.0364067
271	0.0294784	0	0.0364063
272	0.0294772	0	0.036406
273	0.0294759	0	0.0364058
274	0.0294746	0	0.0364055
275	0.0294733	0	0.0364054
276	0.029472	0	0.0364052
Salida porque no mejora el entrenamiento!!
PESOS DE LA RED
===============
Salida Esperada Vs Salida Obtenida (test)
=========================================
0.430996 -- 0.434059 
0.40083 -- 0.45933 
0.191116 -- 0.469544 
0.366144 -- 0.468436 
0.367519 -- 0.469543 
0.604647 -- 0.438672 
0.465379 -- 0.469343 
0.459066 -- 0.458941 
0.161198 -- 0.448243 
0.529216 -- 0.469266 
0.232835 -- 0.459654 
0.268985 -- 0.443264 
0.404717 -- 0.468042 
0.234433 -- 0.460512 
0.68694 -- 0.464727 
0.612588 -- 0.466295 
0.472511 -- 0.464881 
0.771912 -- 0.433549 
0.767634 -- 0.43457 
0.529077 -- 0.439185 
0.840582 -- 0.46746 
0.304584 -- 0.452054 
0.375972 -- 0.450648 
0.706528 -- 0.46894 
0.192498 -- 0.455641 
0 -- 0.469488 
0.445856 -- 0.458146 
0.199522 -- 0.457331 
0.473098 -- 0.458299 
0.517121 -- 0.446274 
0.125798 -- 0.45783 
0.399047 -- 0.451588 
0.360765 -- 0.469161 
0.61931 -- 0.463535 
0.419672 -- 0.449213 
0.657247 -- 0.441741 
0.461055 -- 0.469657 
0.650546 -- 0.46457 
0.321302 -- 0.44677 
0.623597 -- 0.463227 
0.461309 -- 0.469486 
Finalizamos => Error de test final: 0.0369194
**********
SEMILLA 3
**********
1	0.0310496	0	0.0370557
2	0.0319232	0	0.0407052
3	0.0334806	0	0.0433226
4	0.0342244	0	0.0444323
5	0.034534	0	0.0448714
6	0.0344785	0	0.044808
7	0.0341981	0	0.044419
8	0.0341276	0	0.0443075
9	0.0344107	0	0.0447407
10	0.0348804	0	0.0454991
11	0.0353647	0	0.0463111
12	0.0357589	0	0.0469881
13	0.0359426	0	0.0473459
14	0.0358706	0	0.0473223
15	0.0355565	0	0.046943
16	0.0350382	0	0.0462711
17	0.0343931	0	0.0454174
18	0.0337234	0	0.0445124
19	0.0331341	0	0.0436874
20	0.032695	0	0.043046
21	0.032405	0	0.0426066
22	0.032224	0	0.0423257
23	0.0321112	0	0.042149
24	0.0320377	0	0.0420346
25	0.0319855	0	0.0419551
26	0.0319437	0	0.0418938
27	0.0319061	0	0.0418403
28	0.0318688	0	0.0417886
29	0.0318295	0	0.0417345
30	0.0317866	0	0.0416756
31	0.0317396	0	0.0416103
32	0.0316889	0	0.0415386
33	0.0316365	0	0.0414625
34	0.0315862	0	0.0413863
35	0.0315427	0	0.0413137
36	0.0315066	0	0.0412386
37	0.0314669	0	0.041132
38	0.031401	0	0.040952
39	0.0313005	0	0.0407015
40	0.0311904	0	0.0404519
41	0.0311025	0	0.040271
42	0.0310479	0	0.0401728
43	0.0310214	0	0.0401381
44	0.0310135	0	0.0401422
45	0.0310165	0	0.0401669
46	0.0310252	0	0.0402013
47	0.0310369	0	0.0402393
48	0.0310498	0	0.0402778
49	0.0310624	0	0.0403148
50	0.0310728	0	0.0403476
51	0.0310773	0	0.0403713
52	0.0310694	0	0.0403764
53	0.0310398	0	0.0403488
54	0.0309833	0	0.0402795
55	0.0309108	0	0.0401826
56	0.0308436	0	0.0400898
57	0.0307928	0	0.0400198
58	0.0307575	0	0.0399721
59	0.0307329	0	0.0399401
60	0.0307149	0	0.0399176
61	0.0307007	0	0.0399003
62	0.0306888	0	0.0398858
63	0.0306781	0	0.0398725
64	0.030668	0	0.0398596
65	0.0306583	0	0.0398465
66	0.0306486	0	0.0398329
67	0.0306389	0	0.0398186
68	0.030629	0	0.0398035
69	0.0306189	0	0.0397875
70	0.0306086	0	0.0397706
71	0.030598	0	0.0397528
72	0.0305871	0	0.039734
73	0.0305758	0	0.0397143
74	0.0305642	0	0.0396935
75	0.0305521	0	0.0396717
76	0.0305396	0	0.0396488
77	0.0305266	0	0.0396248
78	0.0305131	0	0.0395997
79	0.0304991	0	0.0395733
80	0.0304844	0	0.0395458
81	0.030469	0	0.0395171
82	0.0304529	0	0.0394873
83	0.0304361	0	0.0394565
84	0.0304186	0	0.0394252
85	0.0304005	0	0.0393939
86	0.030382	0	0.0393637
87	0.0303636	0	0.0393358
88	0.0303457	0	0.0393113
89	0.0303293	0	0.0392909
90	0.030315	0	0.0392741
91	0.030303	0	0.0392596
92	0.0302928	0	0.039246
93	0.0302835	0	0.0392321
94	0.0302746	0	0.0392174
95	0.0302658	0	0.0392019
96	0.0302569	0	0.0391857
97	0.030248	0	0.0391691
98	0.0302391	0	0.0391523
99	0.0302301	0	0.0391354
100	0.0302212	0	0.0391186
101	0.0302123	0	0.0391018
102	0.0302034	0	0.0390851
103	0.0301944	0	0.0390685
104	0.0301854	0	0.0390518
105	0.0301762	0	0.0390352
106	0.0301669	0	0.0390183
107	0.0301574	0	0.0390012
108	0.0301475	0	0.0389837
109	0.0301372	0	0.0389655
110	0.0301264	0	0.0389466
111	0.0301149	0	0.0389264
112	0.0301026	0	0.0389048
113	0.0300891	0	0.0388811
114	0.0300743	0	0.0388547
115	0.0300577	0	0.0388249
116	0.0300389	0	0.0387907
117	0.0300175	0	0.0387512
118	0.0299933	0	0.0387058
119	0.0299666	0	0.0386549
120	0.0299387	0	0.0386014
121	0.0299122	0	0.038551
122	0.0298905	0	0.0385117
123	0.0298754	0	0.0384881
124	0.0298661	0	0.0384788
125	0.0298604	0	0.038478
126	0.0298557	0	0.03848
127	0.0298506	0	0.0384811
128	0.0298443	0	0.0384793
129	0.0298361	0	0.0384737
130	0.0298255	0	0.0384631
131	0.0298116	0	0.0384463
132	0.0297934	0	0.0384217
133	0.0297717	0	0.0383905
134	0.0297507	0	0.0383598
135	0.0297352	0	0.0383379
136	0.0297253	0	0.0383249
137	0.0297187	0	0.038317
138	0.0297136	0	0.0383115
139	0.0297093	0	0.0383072
140	0.0297055	0	0.0383034
141	0.0297018	0	0.0382999
142	0.0296984	0	0.0382966
143	0.029695	0	0.0382935
144	0.0296918	0	0.0382905
145	0.0296886	0	0.0382876
146	0.0296855	0	0.0382849
147	0.0296825	0	0.0382822
148	0.0296795	0	0.0382795
149	0.0296765	0	0.038277
150	0.0296736	0	0.0382745
151	0.0296708	0	0.0382721
152	0.0296679	0	0.0382698
153	0.0296651	0	0.0382675
154	0.0296624	0	0.0382652
155	0.0296596	0	0.0382631
156	0.0296569	0	0.0382609
157	0.0296542	0	0.0382588
158	0.0296515	0	0.0382568
159	0.0296488	0	0.0382548
160	0.0296462	0	0.0382528
161	0.0296436	0	0.0382509
162	0.0296409	0	0.038249
163	0.0296383	0	0.0382471
164	0.0296357	0	0.0382453
165	0.0296331	0	0.0382434
166	0.0296305	0	0.0382416
167	0.029628	0	0.0382398
168	0.0296254	0	0.038238
169	0.0296228	0	0.0382362
170	0.0296202	0	0.0382344
171	0.0296176	0	0.0382326
172	0.029615	0	0.0382308
173	0.0296123	0	0.0382289
174	0.0296097	0	0.038227
175	0.029607	0	0.0382251
176	0.0296044	0	0.0382231
177	0.0296017	0	0.0382211
178	0.0295989	0	0.038219
179	0.0295962	0	0.0382169
180	0.0295934	0	0.0382146
181	0.0295905	0	0.0382123
182	0.0295877	0	0.0382098
183	0.0295847	0	0.0382072
184	0.0295817	0	0.0382045
185	0.0295787	0	0.0382016
186	0.0295756	0	0.0381986
187	0.0295724	0	0.0381953
188	0.0295692	0	0.0381919
189	0.0295659	0	0.0381882
190	0.0295624	0	0.0381842
191	0.0295589	0	0.03818
192	0.0295553	0	0.0381754
193	0.0295516	0	0.0381705
194	0.0295477	0	0.0381652
195	0.0295437	0	0.0381594
196	0.0295395	0	0.0381533
197	0.0295352	0	0.0381466
198	0.0295307	0	0.0381393
199	0.0295261	0	0.0381315
200	0.0295212	0	0.0381229
201	0.0295162	0	0.0381137
202	0.0295109	0	0.0381037
203	0.0295053	0	0.0380928
204	0.0294995	0	0.038081
205	0.0294934	0	0.0380681
206	0.0294871	0	0.0380542
207	0.0294804	0	0.0380391
208	0.0294733	0	0.0380226
209	0.029466	0	0.0380048
210	0.0294583	0	0.0379854
211	0.0294502	0	0.0379643
212	0.0294417	0	0.0379414
213	0.0294328	0	0.0379165
214	0.0294235	0	0.0378895
215	0.0294138	0	0.0378601
216	0.0294037	0	0.0378281
217	0.0293932	0	0.0377932
218	0.0293824	0	0.0377551
219	0.0293712	0	0.0377134
220	0.0293598	0	0.0376675
221	0.0293482	0	0.0376168
222	0.0293367	0	0.0375606
223	0.0293256	0	0.0374977
224	0.0293154	0	0.0374271
225	0.029307	0	0.037347
226	0.0293017	0	0.0372558
227	0.029302	0	0.0371513
228	0.029312	0	0.0370318
229	0.0293383	0	0.0368962
230	0.0293923	0	0.0367455
231	0.0294933	0	0.0365847
232	0.0296742	0	0.0364253
233	0.0299693	0	0.0362916
234	0.0302852	0	0.0361962
235	0.0303197	0	0.0360874
236	0.0299346	0	0.0360214
237	0.0294626	0	0.0362172
238	0.0292201	0	0.0366947
239	0.0291853	0	0.037256
240	0.02923	0	0.0377263
241	0.0292739	0	0.0380486
242	0.0292949	0	0.0382421
243	0.0292973	0	0.0383481
244	0.0292905	0	0.038403
245	0.029281	0	0.0384306
246	0.0292721	0	0.0384446
247	0.0292648	0	0.0384514
248	0.0292588	0	0.0384542
249	0.029254	0	0.0384539
250	0.0292497	0	0.0384512
251	0.0292458	0	0.0384463
252	0.029242	0	0.0384394
253	0.0292382	0	0.0384308
254	0.0292343	0	0.0384206
255	0.0292304	0	0.0384092
256	0.0292264	0	0.0383967
257	0.0292224	0	0.0383835
258	0.0292183	0	0.0383696
259	0.0292142	0	0.0383553
260	0.02921	0	0.0383406
261	0.0292059	0	0.0383258
262	0.0292018	0	0.0383108
263	0.0291977	0	0.0382958
264	0.0291936	0	0.0382809
265	0.0291896	0	0.0382661
266	0.0291856	0	0.0382514
267	0.0291817	0	0.0382369
268	0.0291778	0	0.0382226
269	0.0291739	0	0.0382085
270	0.0291701	0	0.0381947
271	0.0291664	0	0.0381811
272	0.0291627	0	0.0381677
273	0.029159	0	0.0381546
274	0.0291554	0	0.0381418
275	0.0291518	0	0.0381292
276	0.0291482	0	0.0381168
277	0.0291447	0	0.0381048
278	0.0291413	0	0.0380929
279	0.0291378	0	0.0380814
280	0.0291344	0	0.0380701
281	0.029131	0	0.038059
282	0.0291277	0	0.0380482
283	0.0291244	0	0.0380377
284	0.0291211	0	0.0380274
285	0.0291179	0	0.0380174
286	0.0291146	0	0.0380076
287	0.0291114	0	0.0379981
288	0.0291083	0	0.0379888
289	0.0291051	0	0.0379798
290	0.029102	0	0.0379711
291	0.0290989	0	0.0379626
292	0.0290959	0	0.0379544
293	0.0290928	0	0.0379465
294	0.0290898	0	0.0379388
295	0.0290869	0	0.0379315
296	0.0290839	0	0.0379244
297	0.029081	0	0.0379176
298	0.0290781	0	0.0379111
299	0.0290752	0	0.0379049
300	0.0290723	0	0.037899
301	0.0290694	0	0.0378933
302	0.0290666	0	0.037888
303	0.0290638	0	0.0378829
304	0.029061	0	0.0378781
305	0.0290582	0	0.0378736
306	0.0290554	0	0.0378693
307	0.0290526	0	0.0378653
308	0.0290499	0	0.0378615
309	0.0290471	0	0.037858
310	0.0290444	0	0.0378547
311	0.0290416	0	0.0378517
312	0.0290389	0	0.0378488
313	0.0290361	0	0.0378462
314	0.0290333	0	0.0378437
315	0.0290306	0	0.0378415
316	0.0290278	0	0.0378394
317	0.029025	0	0.0378374
318	0.0290222	0	0.0378357
319	0.0290194	0	0.037834
320	0.0290166	0	0.0378325
321	0.0290138	0	0.0378311
322	0.029011	0	0.0378299
323	0.0290081	0	0.0378287
324	0.0290052	0	0.0378276
325	0.0290023	0	0.0378266
326	0.0289994	0	0.0378257
327	0.0289964	0	0.0378249
328	0.0289934	0	0.0378241
329	0.0289904	0	0.0378233
330	0.0289874	0	0.0378227
331	0.0289843	0	0.037822
332	0.0289812	0	0.0378214
333	0.0289781	0	0.0378208
334	0.0289749	0	0.0378202
335	0.0289717	0	0.0378196
336	0.0289684	0	0.0378191
337	0.028965	0	0.0378185
338	0.0289616	0	0.0378179
339	0.0289582	0	0.0378173
340	0.0289546	0	0.0378166
341	0.028951	0	0.0378158
342	0.0289473	0	0.037815
343	0.0289435	0	0.037814
344	0.0289395	0	0.0378127
345	0.0289354	0	0.0378113
346	0.0289312	0	0.0378094
347	0.0289267	0	0.037807
348	0.028922	0	0.0378039
349	0.0289171	0	0.0377998
350	0.0289119	0	0.0377943
351	0.0289064	0	0.0377869
352	0.0289006	0	0.037777
353	0.0288946	0	0.0377638
354	0.0288886	0	0.0377464
355	0.0288826	0	0.0377242
356	0.028877	0	0.0376971
357	0.0288722	0	0.037666
358	0.0288684	0	0.0376326
359	0.0288656	0	0.0375993
360	0.0288637	0	0.037568
361	0.0288625	0	0.03754
362	0.0288616	0	0.0375156
363	0.0288609	0	0.0374947
364	0.0288601	0	0.0374767
365	0.0288592	0	0.0374612
366	0.0288581	0	0.0374475
367	0.0288568	0	0.0374355
368	0.0288553	0	0.0374246
369	0.0288537	0	0.0374149
370	0.0288518	0	0.0374059
371	0.0288498	0	0.0373978
372	0.0288476	0	0.0373903
373	0.0288452	0	0.0373835
374	0.0288427	0	0.0373772
375	0.0288401	0	0.0373715
376	0.0288372	0	0.0373662
377	0.0288343	0	0.0373615
378	0.0288312	0	0.0373573
379	0.028828	0	0.0373536
380	0.0288246	0	0.0373504
381	0.0288211	0	0.0373476
382	0.0288175	0	0.0373454
383	0.0288137	0	0.0373436
384	0.0288098	0	0.0373423
385	0.0288058	0	0.0373414
386	0.0288017	0	0.0373411
387	0.0287975	0	0.0373412
388	0.0287931	0	0.0373418
389	0.0287887	0	0.0373428
390	0.0287842	0	0.0373443
391	0.0287796	0	0.0373463
392	0.0287749	0	0.0373487
393	0.0287702	0	0.0373515
394	0.0287654	0	0.0373548
395	0.0287606	0	0.0373585
396	0.0287557	0	0.0373626
397	0.0287509	0	0.0373671
398	0.028746	0	0.037372
399	0.0287411	0	0.0373773
400	0.0287362	0	0.037383
401	0.0287314	0	0.037389
402	0.0287266	0	0.0373953
403	0.0287218	0	0.0374019
404	0.0287171	0	0.0374088
405	0.0287124	0	0.037416
406	0.0287078	0	0.0374235
407	0.0287032	0	0.0374311
408	0.0286987	0	0.037439
409	0.0286943	0	0.037447
410	0.02869	0	0.0374552
411	0.0286857	0	0.0374635
412	0.0286816	0	0.0374719
413	0.0286775	0	0.0374804
414	0.0286735	0	0.037489
415	0.0286696	0	0.0374975
416	0.0286658	0	0.0375061
417	0.0286621	0	0.0375146
418	0.0286584	0	0.0375231
419	0.0286548	0	0.0375315
420	0.0286513	0	0.0375398
421	0.0286479	0	0.0375481
422	0.0286445	0	0.0375562
423	0.0286412	0	0.0375642
424	0.028638	0	0.037572
425	0.0286348	0	0.0375797
426	0.0286317	0	0.0375872
427	0.0286286	0	0.0375946
428	0.0286256	0	0.0376017
429	0.0286226	0	0.0376087
430	0.0286197	0	0.0376156
431	0.0286168	0	0.0376222
432	0.0286139	0	0.0376287
433	0.0286111	0	0.037635
434	0.0286083	0	0.0376411
435	0.0286055	0	0.0376471
436	0.0286028	0	0.037653
437	0.0286	0	0.0376586
438	0.0285973	0	0.0376642
439	0.0285947	0	0.0376696
440	0.028592	0	0.0376749
441	0.0285893	0	0.0376801
442	0.0285867	0	0.0376852
443	0.0285841	0	0.0376901
444	0.0285815	0	0.037695
445	0.0285789	0	0.0376999
446	0.0285763	0	0.0377047
447	0.0285737	0	0.0377094
448	0.0285712	0	0.0377141
449	0.0285686	0	0.0377187
450	0.0285661	0	0.0377233
451	0.0285636	0	0.0377279
452	0.0285611	0	0.0377325
453	0.0285586	0	0.0377371
454	0.0285561	0	0.0377417
455	0.0285536	0	0.0377463
456	0.0285512	0	0.0377509
457	0.0285487	0	0.0377556
458	0.0285463	0	0.0377602
459	0.0285439	0	0.0377649
460	0.0285415	0	0.0377697
461	0.028539	0	0.0377744
462	0.0285367	0	0.0377793
463	0.0285343	0	0.0377841
464	0.0285319	0	0.037789
465	0.0285295	0	0.0377939
466	0.0285272	0	0.0377989
467	0.0285248	0	0.0378039
468	0.0285225	0	0.0378089
469	0.0285202	0	0.0378139
470	0.0285178	0	0.037819
471	0.0285155	0	0.0378241
472	0.0285132	0	0.0378292
473	0.0285109	0	0.0378343
474	0.0285086	0	0.0378393
475	0.0285063	0	0.0378444
476	0.0285039	0	0.0378494
477	0.0285016	0	0.0378543
478	0.0284993	0	0.0378592
479	0.028497	0	0.037864
480	0.0284946	0	0.0378687
481	0.0284923	0	0.0378733
482	0.0284899	0	0.0378778
483	0.0284875	0	0.0378821
484	0.0284851	0	0.0378862
485	0.0284826	0	0.0378902
486	0.0284802	0	0.0378939
487	0.0284777	0	0.0378974
488	0.0284751	0	0.0379006
489	0.0284726	0	0.0379035
490	0.02847	0	0.0379062
491	0.0284673	0	0.0379085
492	0.0284646	0	0.0379105
493	0.0284619	0	0.0379121
494	0.0284591	0	0.0379133
495	0.0284562	0	0.0379141
496	0.0284533	0	0.0379145
497	0.0284504	0	0.0379144
498	0.0284474	0	0.0379139
499	0.0284443	0	0.037913
500	0.0284411	0	0.0379115
501	0.0284379	0	0.0379095
502	0.0284347	0	0.0379071
503	0.0284314	0	0.0379041
504	0.028428	0	0.0379006
505	0.0284245	0	0.0378966
506	0.028421	0	0.037892
507	0.0284174	0	0.0378869
508	0.0284138	0	0.0378813
509	0.0284101	0	0.0378751
510	0.0284063	0	0.0378684
511	0.0284025	0	0.0378612
512	0.0283987	0	0.0378535
513	0.0283948	0	0.0378452
514	0.0283908	0	0.0378364
515	0.0283868	0	0.037827
516	0.0283828	0	0.0378172
517	0.0283787	0	0.0378068
518	0.0283746	0	0.0377959
519	0.0283704	0	0.0377844
520	0.0283662	0	0.0377725
521	0.028362	0	0.03776
522	0.0283577	0	0.037747
523	0.0283535	0	0.0377335
524	0.0283492	0	0.0377195
525	0.0283449	0	0.0377049
526	0.0283406	0	0.0376898
527	0.0283363	0	0.0376741
528	0.028332	0	0.0376579
529	0.0283277	0	0.037641
530	0.0283234	0	0.0376236
531	0.0283192	0	0.0376056
532	0.028315	0	0.037587
533	0.0283108	0	0.0375677
534	0.0283067	0	0.0375478
535	0.0283027	0	0.0375272
536	0.0282987	0	0.0375059
537	0.0282948	0	0.0374838
538	0.0282911	0	0.0374611
539	0.0282875	0	0.0374376
540	0.028284	0	0.0374133
541	0.0282808	0	0.0373882
542	0.0282777	0	0.0373623
543	0.0282749	0	0.0373357
544	0.0282724	0	0.0373082
545	0.0282702	0	0.0372798
546	0.0282684	0	0.0372507
547	0.028267	0	0.0372207
548	0.0282661	0	0.0371899
549	0.0282658	0	0.0371584
550	0.028266	0	0.0371261
551	0.028267	0	0.0370931
552	0.0282687	0	0.0370594
553	0.0282713	0	0.0370251
554	0.0282748	0	0.0369904
555	0.0282795	0	0.0369551
556	0.0282854	0	0.0369196
557	0.0282927	0	0.0368838
558	0.0283015	0	0.0368479
559	0.028312	0	0.036812
560	0.0283245	0	0.0367763
561	0.0283391	0	0.0367409
562	0.0283562	0	0.0367061
563	0.028376	0	0.036672
564	0.0283989	0	0.036639
565	0.0284253	0	0.0366073
566	0.0284557	0	0.0365773
567	0.0284904	0	0.0365494
568	0.0285299	0	0.0365243
569	0.0285742	0	0.0365027
570	0.028623	0	0.0364856
571	0.0286745	0	0.0364744
572	0.0287244	0	0.0364708
573	0.028764	0	0.0364762
574	0.0287795	0	0.0364912
575	0.0287566	0	0.0365131
576	0.0286928	0	0.036537
577	0.0286044	0	0.0365592
578	0.028514	0	0.0365779
579	0.0284355	0	0.0365923
580	0.0283729	0	0.0366022
581	0.028325	0	0.0366081
582	0.028289	0	0.0366103
583	0.0282625	0	0.0366094
584	0.0282434	0	0.0366058
585	0.0282302	0	0.0365999
586	0.0282217	0	0.0365918
587	0.028217	0	0.0365818
588	0.0282154	0	0.0365699
589	0.0282161	0	0.0365566
590	0.0282187	0	0.036542
591	0.0282227	0	0.0365264
592	0.0282276	0	0.0365103
593	0.0282332	0	0.0364938
594	0.0282391	0	0.0364774
595	0.0282452	0	0.0364611
596	0.0282513	0	0.0364452
597	0.0282573	0	0.0364299
598	0.0282629	0	0.0364153
599	0.0282683	0	0.0364014
600	0.0282733	0	0.0363884
601	0.0282779	0	0.0363762
602	0.0282821	0	0.0363649
603	0.0282858	0	0.0363544
604	0.0282891	0	0.0363449
605	0.028292	0	0.0363361
606	0.0282945	0	0.0363282
607	0.0282966	0	0.0363211
608	0.0282984	0	0.0363147
609	0.0282997	0	0.0363091
610	0.0283008	0	0.0363042
611	0.0283015	0	0.0363
612	0.0283019	0	0.0362964
613	0.028302	0	0.0362935
614	0.0283018	0	0.0362912
615	0.0283014	0	0.0362895
616	0.0283007	0	0.0362884
617	0.0282998	0	0.0362879
618	0.0282988	0	0.036288
619	0.0282975	0	0.0362886
620	0.0282961	0	0.0362897
621	0.0282946	0	0.0362914
622	0.028293	0	0.0362935
623	0.0282913	0	0.0362961
624	0.0282897	0	0.0362991
625	0.028288	0	0.0363025
626	0.0282864	0	0.0363062
627	0.028285	0	0.0363102
628	0.0282837	0	0.0363145
629	0.0282825	0	0.036319
630	0.0282816	0	0.0363236
631	0.0282811	0	0.0363284
632	0.0282808	0	0.0363333
633	0.0282809	0	0.0363382
634	0.0282815	0	0.036343
635	0.0282825	0	0.0363478
636	0.028284	0	0.0363525
637	0.028286	0	0.0363571
638	0.0282886	0	0.0363615
639	0.0282918	0	0.0363656
640	0.0282956	0	0.0363695
Salida porque no mejora el entrenamiento!!
PESOS DE LA RED
===============
Salida Esperada Vs Salida Obtenida (test)
=========================================
0.430996 -- 0.406318 
0.40083 -- 0.450839 
0.191116 -- 0.481382 
0.366144 -- 0.476146 
0.367519 -- 0.48296 
0.604647 -- 0.413406 
0.465379 -- 0.482467 
0.459066 -- 0.449977 
0.161198 -- 0.429192 
0.529216 -- 0.479806 
0.232835 -- 0.415417 
0.268985 -- 0.42076 
0.404717 -- 0.4768 
0.234433 -- 0.422582 
0.68694 -- 0.464156 
0.612588 -- 0.468754 
0.472511 -- 0.456845 
0.771912 -- 0.405548 
0.767634 -- 0.407091 
0.529077 -- 0.41421 
0.840582 -- 0.473623 
0.304584 -- 0.436082 
0.375972 -- 0.433487 
0.706528 -- 0.481014 
0.192498 -- 0.443037 
0 -- 0.481029 
0.445856 -- 0.448249 
0.199522 -- 0.446515 
0.473098 -- 0.404012 
0.517121 -- 0.425791 
0.125798 -- 0.400052 
0.399047 -- 0.435216 
0.360765 -- 0.481862 
0.61931 -- 0.460941 
0.419672 -- 0.430905 
0.657247 -- 0.418281 
0.461055 -- 0.48301 
0.650546 -- 0.454592 
0.321302 -- 0.426638 
0.623597 -- 0.444473 
0.461309 -- 0.482848 
Finalizamos => Error de test final: 0.0365699
**********
SEMILLA 4
**********
1	0.0351811	0	0.0437566
2	0.0348933	0	0.0435808
3	0.034019	0	0.0426436
4	0.0330725	0	0.0415394
5	0.0322554	0	0.0404875
6	0.0316127	0	0.0395648
7	0.0311313	0	0.0388018
8	0.0307846	0	0.038211
9	0.0305548	0	0.0378166
10	0.030412	0	0.0376209
11	0.030315	0	0.0375707
12	0.0302396	0	0.0376034
13	0.0301774	0	0.03768
14	0.0301246	0	0.0377807
15	0.0300766	0	0.037891
16	0.0300312	0	0.0379902
17	0.0299947	0	0.0380645
18	0.029987	0	0.0381698
19	0.030026	0	0.0384108
20	0.0301086	0	0.0387973
21	0.0302081	0	0.0392313
22	0.0302898	0	0.0396036
23	0.030332	0	0.0398536
24	0.0303379	0	0.0399813
25	0.0303262	0	0.0400267
26	0.0303115	0	0.0400324
27	0.0302988	0	0.0400248
28	0.0302898	0	0.0400168
29	0.0302845	0	0.0400105
30	0.0302795	0	0.0399983
31	0.0302696	0	0.0399676
32	0.0302504	0	0.0399083
33	0.0302203	0	0.0398178
34	0.0301811	0	0.0397021
35	0.0301367	0	0.0395721
36	0.0300907	0	0.0394378
37	0.0300458	0	0.0393058
38	0.0300032	0	0.0391795
39	0.0299634	0	0.0390603
40	0.0299268	0	0.0389492
41	0.0298938	0	0.0388475
42	0.0298654	0	0.0387576
43	0.0298435	0	0.0386836
44	0.0298304	0	0.0386305
45	0.0298273	0	0.0385991
46	0.0298313	0	0.0385791
47	0.0298355	0	0.0385529
48	0.0298345	0	0.0385104
49	0.029828	0	0.038455
50	0.029818	0	0.0383943
51	0.0298064	0	0.0383346
52	0.0297945	0	0.0382785
53	0.0297826	0	0.038227
54	0.029771	0	0.0381799
55	0.0297597	0	0.0381365
56	0.0297487	0	0.0380963
57	0.029738	0	0.0380589
58	0.0297274	0	0.0380238
59	0.0297171	0	0.0379909
60	0.0297068	0	0.0379599
61	0.0296968	0	0.0379309
62	0.0296868	0	0.037904
63	0.029677	0	0.037879
64	0.0296674	0	0.0378562
65	0.0296579	0	0.0378357
66	0.0296487	0	0.0378175
67	0.0296397	0	0.0378019
68	0.029631	0	0.037789
69	0.0296226	0	0.0377787
70	0.0296145	0	0.0377712
71	0.0296068	0	0.0377663
72	0.0295993	0	0.037764
73	0.0295921	0	0.0377639
74	0.029585	0	0.0377656
75	0.029578	0	0.0377685
76	0.0295707	0	0.0377721
77	0.0295632	0	0.0377756
78	0.029555	0	0.0377783
79	0.0295461	0	0.0377794
80	0.0295362	0	0.0377785
81	0.0295251	0	0.037775
82	0.0295129	0	0.0377687
83	0.0294995	0	0.0377596
84	0.0294851	0	0.0377479
85	0.0294698	0	0.0377339
86	0.0294538	0	0.0377181
87	0.0294376	0	0.0377009
88	0.0294211	0	0.0376828
89	0.0294047	0	0.0376642
90	0.0293885	0	0.0376453
91	0.0293724	0	0.0376265
92	0.0293565	0	0.0376079
93	0.0293409	0	0.0375896
94	0.0293254	0	0.0375718
95	0.0293102	0	0.0375543
96	0.0292951	0	0.0375374
97	0.0292801	0	0.0375209
98	0.0292652	0	0.0375048
99	0.0292503	0	0.0374892
100	0.0292355	0	0.0374739
101	0.0292207	0	0.0374588
102	0.0292057	0	0.0374439
103	0.0291907	0	0.0374289
104	0.0291755	0	0.0374138
105	0.02916	0	0.0373985
106	0.0291443	0	0.0373827
107	0.0291283	0	0.0373665
108	0.0291119	0	0.0373497
109	0.029095	0	0.0373323
110	0.0290777	0	0.0373142
111	0.0290599	0	0.0372957
112	0.0290415	0	0.0372768
113	0.0290227	0	0.0372579
114	0.0290033	0	0.0372394
115	0.0289836	0	0.0372218
116	0.0289635	0	0.0372061
117	0.0289434	0	0.0371931
118	0.0289235	0	0.0371838
119	0.028904	0	0.0371793
120	0.0288853	0	0.0371802
121	0.0288679	0	0.0371868
122	0.028852	0	0.0371985
123	0.0288378	0	0.0372138
124	0.0288255	0	0.0372301
125	0.0288146	0	0.0372443
126	0.0288047	0	0.0372532
127	0.0287953	0	0.0372549
128	0.0287857	0	0.0372486
129	0.0287756	0	0.0372346
130	0.028765	0	0.0372143
131	0.0287537	0	0.0371893
132	0.0287418	0	0.0371609
133	0.0287294	0	0.0371303
134	0.0287165	0	0.0370984
135	0.0287031	0	0.0370657
136	0.0286892	0	0.0370325
137	0.0286749	0	0.0369991
138	0.0286602	0	0.0369654
139	0.028645	0	0.0369315
140	0.0286293	0	0.0368974
141	0.0286132	0	0.0368629
142	0.0285967	0	0.0368281
143	0.0285797	0	0.036793
144	0.0285624	0	0.0367574
145	0.0285446	0	0.0367213
146	0.0285263	0	0.0366847
147	0.0285077	0	0.0366476
148	0.0284887	0	0.03661
149	0.0284694	0	0.0365719
150	0.0284496	0	0.0365332
151	0.0284296	0	0.036494
152	0.0284092	0	0.0364543
153	0.0283885	0	0.036414
154	0.0283675	0	0.0363733
155	0.0283462	0	0.0363321
156	0.0283247	0	0.0362903
157	0.0283029	0	0.0362481
158	0.0282809	0	0.0362053
159	0.0282587	0	0.036162
160	0.0282363	0	0.036118
161	0.0282138	0	0.0360735
162	0.0281911	0	0.0360282
163	0.0281682	0	0.035982
164	0.0281452	0	0.035935
165	0.0281221	0	0.0358868
166	0.0280988	0	0.0358374
167	0.0280753	0	0.0357867
168	0.0280515	0	0.0357343
169	0.0280274	0	0.0356804
170	0.0280027	0	0.0356249
171	0.0279774	0	0.0355682
172	0.0279513	0	0.0355105
173	0.0279241	0	0.0354527
174	0.0278956	0	0.0353952
175	0.0278659	0	0.0353383
176	0.0278347	0	0.0352815
177	0.0278022	0	0.0352239
178	0.0277683	0	0.0351644
179	0.0277333	0	0.035102
180	0.0276976	0	0.0350367
181	0.0276613	0	0.0349688
182	0.0276249	0	0.0348991
183	0.0275886	0	0.0348286
184	0.0275526	0	0.0347579
185	0.027517	0	0.0346877
186	0.0274816	0	0.0346182
187	0.0274464	0	0.0345498
188	0.0274114	0	0.0344822
189	0.0273763	0	0.0344155
190	0.027341	0	0.0343492
191	0.0273054	0	0.0342831
192	0.0272693	0	0.0342169
193	0.0272327	0	0.0341501
194	0.0271955	0	0.0340827
195	0.0271578	0	0.0340148
196	0.0271197	0	0.0339467
197	0.0270813	0	0.0338789
198	0.0270427	0	0.0338119
199	0.0270038	0	0.0337461
200	0.0269648	0	0.0336816
201	0.0269256	0	0.0336187
202	0.0268862	0	0.0335571
203	0.0268467	0	0.0334968
204	0.026807	0	0.0334377
205	0.0267671	0	0.0333796
206	0.026727	0	0.0333223
207	0.0266867	0	0.0332657
208	0.0266463	0	0.0332097
209	0.0266057	0	0.0331543
210	0.026565	0	0.0330994
211	0.0265241	0	0.033045
212	0.0264831	0	0.0329909
213	0.0264421	0	0.0329372
214	0.0264009	0	0.0328839
215	0.0263596	0	0.032831
216	0.0263183	0	0.0327784
217	0.026277	0	0.0327261
218	0.0262356	0	0.0326741
219	0.0261941	0	0.0326224
220	0.0261527	0	0.0325711
221	0.0261112	0	0.03252
222	0.0260698	0	0.0324692
223	0.0260283	0	0.0324187
224	0.0259869	0	0.0323685
225	0.0259455	0	0.0323186
226	0.0259041	0	0.032269
227	0.0258628	0	0.0322197
228	0.0258215	0	0.0321706
229	0.0257803	0	0.0321219
230	0.0257391	0	0.0320734
231	0.025698	0	0.0320252
232	0.025657	0	0.0319773
233	0.025616	0	0.0319297
234	0.0255751	0	0.0318824
235	0.0255343	0	0.0318353
236	0.0254936	0	0.0317886
237	0.025453	0	0.0317421
238	0.0254124	0	0.0316959
239	0.025372	0	0.03165
240	0.0253316	0	0.0316044
241	0.0252914	0	0.0315591
242	0.0252513	0	0.0315141
243	0.0252112	0	0.0314694
244	0.0251713	0	0.031425
245	0.0251315	0	0.0313808
246	0.0250918	0	0.031337
247	0.0250522	0	0.0312934
248	0.0250127	0	0.0312502
249	0.0249733	0	0.0312072
250	0.024934	0	0.0311645
251	0.0248948	0	0.0311221
252	0.0248558	0	0.03108
253	0.0248168	0	0.0310381
254	0.0247779	0	0.0309966
255	0.0247392	0	0.0309553
256	0.0247005	0	0.0309143
257	0.024662	0	0.0308736
258	0.0246235	0	0.0308331
259	0.0245851	0	0.0307929
260	0.0245468	0	0.030753
261	0.0245086	0	0.0307133
262	0.0244705	0	0.0306738
263	0.0244325	0	0.0306346
264	0.0243945	0	0.0305956
265	0.0243566	0	0.0305569
266	0.0243187	0	0.0305184
267	0.0242809	0	0.03048
268	0.0242431	0	0.0304419
269	0.0242053	0	0.030404
270	0.0241676	0	0.0303663
271	0.0241298	0	0.0303287
272	0.024092	0	0.0302913
273	0.0240542	0	0.030254
274	0.0240164	0	0.0302169
275	0.0239785	0	0.0301798
276	0.0239404	0	0.0301429
277	0.0239023	0	0.0301061
278	0.023864	0	0.0300693
279	0.0238255	0	0.0300325
280	0.0237868	0	0.0299958
281	0.0237478	0	0.029959
282	0.0237085	0	0.0299222
283	0.0236688	0	0.0298853
284	0.0236288	0	0.0298483
285	0.0235882	0	0.0298112
286	0.0235471	0	0.0297738
287	0.0235053	0	0.0297362
288	0.0234629	0	0.0296983
289	0.0234196	0	0.02966
290	0.0233754	0	0.0296213
291	0.0233302	0	0.029582
292	0.0232839	0	0.0295423
293	0.0232364	0	0.0295018
294	0.0231876	0	0.0294606
295	0.0231374	0	0.0294186
296	0.0230857	0	0.0293758
297	0.0230325	0	0.029332
298	0.0229779	0	0.0292872
299	0.0229219	0	0.0292416
300	0.0228647	0	0.029195
301	0.0228065	0	0.0291476
302	0.0227476	0	0.0290995
303	0.0226883	0	0.0290511
304	0.0226292	0	0.0290024
305	0.0225706	0	0.0289539
306	0.0225129	0	0.0289058
307	0.0224564	0	0.0288584
308	0.0224015	0	0.028812
309	0.0223482	0	0.0287668
310	0.0222967	0	0.0287229
311	0.022247	0	0.0286805
312	0.0221992	0	0.0286396
313	0.022153	0	0.0286002
314	0.0221084	0	0.0285623
315	0.0220653	0	0.0285257
316	0.0220236	0	0.0284904
317	0.0219832	0	0.0284562
318	0.021944	0	0.0284232
319	0.0219058	0	0.0283911
320	0.0218687	0	0.02836
321	0.0218326	0	0.0283296
322	0.0217974	0	0.0283
323	0.0217632	0	0.0282712
324	0.0217299	0	0.028243
325	0.0216976	0	0.0282154
326	0.0216663	0	0.0281886
327	0.0216361	0	0.0281624
328	0.0216071	0	0.028137
329	0.0215794	0	0.0281124
330	0.0215531	0	0.0280887
331	0.0215284	0	0.0280661
332	0.0215052	0	0.0280446
333	0.0214836	0	0.0280242
334	0.0214635	0	0.028005
335	0.0214446	0	0.0279868
336	0.0214264	0	0.0279693
337	0.021408	0	0.0279521
338	0.0213886	0	0.0279342
339	0.0213669	0	0.027915
340	0.0213421	0	0.0278935
341	0.0213135	0	0.0278691
342	0.021281	0	0.0278414
343	0.0212448	0	0.0278105
344	0.0212055	0	0.0277765
345	0.0211637	0	0.0277401
346	0.0211201	0	0.0277018
347	0.0210754	0	0.0276622
348	0.02103	0	0.0276217
349	0.0209843	0	0.0275808
350	0.0209383	0	0.0275397
351	0.0208923	0	0.0274986
352	0.0208463	0	0.0274578
353	0.0208003	0	0.0274172
354	0.0207543	0	0.0273769
355	0.0207082	0	0.027337
356	0.0206622	0	0.0272974
357	0.020616	0	0.027258
358	0.0205696	0	0.027219
359	0.0205232	0	0.0271803
360	0.0204765	0	0.0271418
361	0.0204296	0	0.0271035
362	0.0203825	0	0.0270654
363	0.0203352	0	0.0270276
364	0.0202877	0	0.02699
365	0.02024	0	0.0269527
366	0.0201922	0	0.026916
367	0.0201442	0	0.0268802
368	0.0200962	0	0.0268458
369	0.0200479	0	0.0268138
370	0.0199991	0	0.0267851
371	0.0199488	0	0.0267599
372	0.0198961	0	0.0267359
373	0.0198403	0	0.0267085
374	0.0197813	0	0.0266734
375	0.0197194	0	0.0266295
376	0.0196553	0	0.0265781
377	0.0195895	0	0.0265213
378	0.0195222	0	0.0264611
379	0.0194537	0	0.0263987
380	0.0193843	0	0.0263349
381	0.0193141	0	0.0262703
382	0.0192434	0	0.0262051
383	0.0191722	0	0.0261397
384	0.0191007	0	0.0260743
385	0.0190292	0	0.026009
386	0.0189577	0	0.025944
387	0.0188864	0	0.0258795
388	0.0188153	0	0.0258155
389	0.0187447	0	0.0257523
390	0.0186746	0	0.0256898
391	0.0186051	0	0.0256283
392	0.0185364	0	0.0255679
393	0.0184686	0	0.0255086
394	0.0184018	0	0.0254506
395	0.0183361	0	0.025394
396	0.0182717	0	0.025339
397	0.0182086	0	0.0252855
398	0.018147	0	0.0252338
399	0.0180869	0	0.0251839
400	0.0180285	0	0.025136
401	0.0179719	0	0.02509
402	0.0179171	0	0.0250461
403	0.0178643	0	0.0250043
404	0.0178134	0	0.0249646
405	0.0177645	0	0.0249271
406	0.0177177	0	0.0248917
407	0.0176729	0	0.0248584
408	0.0176302	0	0.0248271
409	0.0175895	0	0.0247978
410	0.0175507	0	0.0247703
411	0.0175139	0	0.0247446
412	0.0174789	0	0.0247205
413	0.0174457	0	0.0246979
414	0.0174142	0	0.0246767
415	0.0173843	0	0.0246567
416	0.0173559	0	0.0246377
417	0.0173288	0	0.0246196
418	0.017303	0	0.0246022
419	0.0172783	0	0.0245855
420	0.0172546	0	0.0245693
421	0.0172319	0	0.0245535
422	0.0172099	0	0.024538
423	0.0171887	0	0.0245226
424	0.017168	0	0.0245073
425	0.0171479	0	0.024492
426	0.0171283	0	0.0244767
427	0.017109	0	0.0244613
428	0.0170901	0	0.0244458
429	0.0170715	0	0.0244301
430	0.0170532	0	0.0244143
431	0.0170351	0	0.0243982
432	0.0170172	0	0.0243821
433	0.0169995	0	0.0243657
434	0.016982	0	0.0243492
435	0.0169647	0	0.0243325
436	0.0169476	0	0.0243156
437	0.0169307	0	0.0242987
438	0.0169141	0	0.0242816
439	0.0168977	0	0.0242644
440	0.0168816	0	0.0242471
441	0.0168657	0	0.0242297
442	0.0168501	0	0.0242123
443	0.0168349	0	0.0241947
444	0.0168199	0	0.0241771
445	0.0168053	0	0.0241595
446	0.016791	0	0.0241418
447	0.016777	0	0.024124
448	0.0167634	0	0.0241061
449	0.0167501	0	0.0240882
450	0.0167371	0	0.0240702
451	0.0167245	0	0.0240521
452	0.0167122	0	0.0240338
453	0.0167001	0	0.0240155
454	0.0166884	0	0.0239971
455	0.0166769	0	0.0239785
456	0.0166657	0	0.0239598
457	0.0166547	0	0.023941
458	0.0166439	0	0.023922
459	0.0166334	0	0.0239028
460	0.016623	0	0.0238835
461	0.0166128	0	0.023864
462	0.0166028	0	0.0238443
463	0.016593	0	0.0238245
464	0.0165832	0	0.0238045
465	0.0165736	0	0.0237843
466	0.0165641	0	0.0237639
467	0.0165547	0	0.0237434
468	0.0165455	0	0.0237227
469	0.0165362	0	0.0237018
470	0.0165271	0	0.0236807
471	0.0165181	0	0.0236595
472	0.0165091	0	0.0236381
473	0.0165002	0	0.0236166
474	0.0164914	0	0.0235949
475	0.0164826	0	0.0235731
476	0.0164739	0	0.0235511
477	0.0164652	0	0.023529
478	0.0164566	0	0.0235067
479	0.0164481	0	0.0234843
480	0.0164395	0	0.0234617
481	0.0164311	0	0.023439
482	0.0164226	0	0.023416
483	0.0164143	0	0.0233928
484	0.016406	0	0.0233693
485	0.0163978	0	0.0233455
486	0.0163897	0	0.0233213
487	0.0163819	0	0.0232966
488	0.0163746	0	0.0232713
489	0.0163679	0	0.0232453
490	0.0163624	0	0.0232183
491	0.0163587	0	0.02319
492	0.0163583	0	0.0231599
493	0.0163637	0	0.0231273
494	0.0163805	0	0.0230911
495	0.0164218	0	0.023051
496	0.0165224	0	0.0230129
497	0.0167722	0	0.0230159
498	0.0172534	0	0.0231547
499	0.0174494	0	0.0232823
500	0.0171354	0	0.0232272
501	0.0168961	0	0.023216
502	0.0168009	0	0.0232835
503	0.0169339	0	0.0236161
504	0.0179477	0	0.0253056
505	0.0189598	0	0.0273489
506	0.0187423	0	0.027025
507	0.0182365	0	0.0261332
508	0.0178667	0	0.025576
509	0.0176303	0	0.0252782
510	0.0174776	0	0.0250991
511	0.0173695	0	0.0249626
512	0.0172838	0	0.0248399
513	0.0172102	0	0.0247235
514	0.0171441	0	0.0246123
515	0.0170833	0	0.0245062
516	0.0170269	0	0.0244055
517	0.016974	0	0.0243099
518	0.0169244	0	0.0242194
519	0.0168776	0	0.0241334
520	0.0168335	0	0.0240519
521	0.0167918	0	0.0239744
522	0.0167523	0	0.0239007
523	0.0167149	0	0.0238304
524	0.0166795	0	0.0237634
525	0.0166458	0	0.0236995
526	0.0166139	0	0.0236383
527	0.0165834	0	0.0235797
528	0.0165544	0	0.0235235
529	0.0165268	0	0.0234696
530	0.0165004	0	0.0234178
531	0.0164751	0	0.0233679
532	0.0164509	0	0.0233199
533	0.0164276	0	0.0232736
534	0.0164053	0	0.0232289
535	0.0163838	0	0.0231857
536	0.0163631	0	0.0231438
537	0.0163431	0	0.0231033
538	0.0163237	0	0.023064
539	0.0163049	0	0.0230258
540	0.0162867	0	0.0229886
541	0.016269	0	0.0229525
542	0.0162517	0	0.0229172
543	0.0162348	0	0.0228828
544	0.0162184	0	0.0228491
545	0.0162023	0	0.0228162
546	0.0161864	0	0.022784
547	0.0161709	0	0.0227524
548	0.0161557	0	0.0227214
549	0.0161407	0	0.0226909
550	0.0161259	0	0.0226609
551	0.0161113	0	0.0226314
552	0.0160968	0	0.0226023
553	0.0160826	0	0.0225736
554	0.0160685	0	0.0225453
555	0.0160545	0	0.0225173
556	0.0160407	0	0.0224897
557	0.0160269	0	0.0224623
558	0.0160133	0	0.0224353
559	0.0159997	0	0.0224085
560	0.0159863	0	0.022382
561	0.0159729	0	0.0223557
562	0.0159596	0	0.0223297
563	0.0159463	0	0.0223038
564	0.0159331	0	0.0222782
565	0.01592	0	0.0222527
566	0.0159069	0	0.0222274
567	0.0158939	0	0.0222023
568	0.0158809	0	0.0221773
569	0.0158679	0	0.0221526
570	0.015855	0	0.0221279
571	0.0158421	0	0.0221034
572	0.0158292	0	0.0220791
573	0.0158164	0	0.0220549
574	0.0158036	0	0.0220308
575	0.0157908	0	0.0220068
576	0.015778	0	0.021983
577	0.0157653	0	0.0219593
578	0.0157526	0	0.0219358
579	0.0157399	0	0.0219123
580	0.0157273	0	0.021889
581	0.0157146	0	0.0218658
582	0.015702	0	0.0218427
583	0.0156894	0	0.0218198
584	0.0156769	0	0.0217969
585	0.0156644	0	0.0217742
586	0.0156519	0	0.0217516
587	0.0156394	0	0.0217291
588	0.0156269	0	0.0217067
589	0.0156145	0	0.0216845
590	0.0156021	0	0.0216623
591	0.0155897	0	0.0216403
592	0.0155774	0	0.0216184
593	0.0155651	0	0.0215966
594	0.0155528	0	0.0215749
595	0.0155405	0	0.0215534
596	0.0155283	0	0.0215319
597	0.0155161	0	0.0215106
598	0.015504	0	0.0214894
599	0.0154919	0	0.0214683
600	0.0154798	0	0.0214474
601	0.0154677	0	0.0214265
602	0.0154557	0	0.0214058
603	0.0154437	0	0.0213852
604	0.0154318	0	0.0213647
605	0.0154199	0	0.0213444
606	0.0154081	0	0.0213241
607	0.0153962	0	0.021304
608	0.0153845	0	0.021284
609	0.0153727	0	0.0212642
610	0.0153611	0	0.0212444
611	0.0153494	0	0.0212248
612	0.0153378	0	0.0212053
613	0.0153263	0	0.0211859
614	0.0153148	0	0.0211666
615	0.0153033	0	0.0211475
616	0.0152919	0	0.0211285
617	0.0152806	0	0.0211096
618	0.0152693	0	0.0210909
619	0.015258	0	0.0210722
620	0.0152468	0	0.0210538
621	0.0152357	0	0.0210354
622	0.0152246	0	0.0210172
623	0.0152136	0	0.0209991
624	0.0152026	0	0.0209811
625	0.0151917	0	0.0209633
626	0.0151808	0	0.0209456
627	0.01517	0	0.020928
628	0.0151593	0	0.0209106
629	0.0151486	0	0.0208933
630	0.015138	0	0.0208761
631	0.0151274	0	0.0208591
632	0.0151169	0	0.0208422
633	0.0151064	0	0.0208255
634	0.015096	0	0.0208089
635	0.0150857	0	0.0207924
636	0.0150754	0	0.0207761
637	0.0150652	0	0.02076
638	0.0150551	0	0.0207439
639	0.015045	0	0.0207281
640	0.015035	0	0.0207123
641	0.015025	0	0.0206967
642	0.0150151	0	0.0206813
643	0.0150052	0	0.020666
644	0.0149954	0	0.0206508
645	0.0149857	0	0.0206358
646	0.014976	0	0.020621
647	0.0149664	0	0.0206062
648	0.0149568	0	0.0205917
649	0.0149474	0	0.0205773
650	0.0149379	0	0.020563
651	0.0149285	0	0.0205488
652	0.0149192	0	0.0205348
653	0.0149099	0	0.020521
654	0.0149007	0	0.0205073
655	0.0148916	0	0.0204937
656	0.0148825	0	0.0204803
657	0.0148734	0	0.020467
658	0.0148645	0	0.0204539
659	0.0148555	0	0.0204409
660	0.0148467	0	0.020428
661	0.0148379	0	0.0204153
662	0.0148291	0	0.0204027
663	0.0148204	0	0.0203903
664	0.0148117	0	0.020378
665	0.0148031	0	0.0203658
666	0.0147946	0	0.0203538
667	0.0147861	0	0.0203419
668	0.0147777	0	0.0203301
669	0.0147693	0	0.0203185
670	0.014761	0	0.020307
671	0.0147527	0	0.0202957
672	0.0147445	0	0.0202844
673	0.0147363	0	0.0202733
674	0.0147282	0	0.0202623
675	0.0147201	0	0.0202515
676	0.0147121	0	0.0202408
677	0.0147042	0	0.0202302
678	0.0146963	0	0.0202197
679	0.0146884	0	0.0202094
680	0.0146806	0	0.0201991
681	0.0146729	0	0.020189
682	0.0146652	0	0.0201791
683	0.0146575	0	0.0201692
684	0.0146499	0	0.0201595
685	0.0146424	0	0.0201498
686	0.0146349	0	0.0201403
687	0.0146274	0	0.020131
688	0.01462	0	0.0201217
689	0.0146127	0	0.0201125
690	0.0146054	0	0.0201035
691	0.0145981	0	0.0200946
692	0.0145909	0	0.0200858
693	0.0145837	0	0.0200771
694	0.0145766	0	0.0200685
695	0.0145696	0	0.02006
696	0.0145626	0	0.0200516
697	0.0145556	0	0.0200434
698	0.0145487	0	0.0200352
699	0.0145418	0	0.0200271
700	0.014535	0	0.0200192
701	0.0145282	0	0.0200114
702	0.0145215	0	0.0200036
703	0.0145148	0	0.019996
704	0.0145082	0	0.0199885
705	0.0145016	0	0.019981
706	0.0144951	0	0.0199737
707	0.0144886	0	0.0199665
708	0.0144821	0	0.0199594
709	0.0144757	0	0.0199523
710	0.0144694	0	0.0199454
711	0.014463	0	0.0199385
712	0.0144568	0	0.0199318
713	0.0144505	0	0.0199251
714	0.0144444	0	0.0199186
715	0.0144382	0	0.0199121
716	0.0144321	0	0.0199058
717	0.0144261	0	0.0198995
718	0.0144201	0	0.0198933
719	0.0144141	0	0.0198872
720	0.0144082	0	0.0198812
721	0.0144023	0	0.0198753
722	0.0143965	0	0.0198694
723	0.0143907	0	0.0198637
724	0.0143849	0	0.019858
725	0.0143792	0	0.0198525
726	0.0143735	0	0.019847
727	0.0143679	0	0.0198416
728	0.0143623	0	0.0198363
729	0.0143568	0	0.019831
730	0.0143512	0	0.0198259
731	0.0143458	0	0.0198208
732	0.0143403	0	0.0198158
733	0.014335	0	0.0198109
734	0.0143296	0	0.0198061
735	0.0143243	0	0.0198013
736	0.014319	0	0.0197967
737	0.0143138	0	0.0197921
738	0.0143086	0	0.0197876
739	0.0143035	0	0.0197831
740	0.0142983	0	0.0197788
741	0.0142933	0	0.0197745
742	0.0142882	0	0.0197703
743	0.0142832	0	0.0197662
744	0.0142783	0	0.0197621
745	0.0142733	0	0.0197581
746	0.0142684	0	0.0197542
747	0.0142636	0	0.0197504
748	0.0142588	0	0.0197467
749	0.014254	0	0.019743
750	0.0142493	0	0.0197394
751	0.0142446	0	0.0197359
752	0.0142399	0	0.0197324
753	0.0142353	0	0.019729
754	0.0142307	0	0.0197257
755	0.0142261	0	0.0197225
756	0.0142216	0	0.0197193
757	0.0142171	0	0.0197162
758	0.0142127	0	0.0197132
759	0.0142082	0	0.0197102
760	0.0142039	0	0.0197074
761	0.0141995	0	0.0197046
762	0.0141952	0	0.0197018
763	0.0141909	0	0.0196992
764	0.0141867	0	0.0196966
765	0.0141825	0	0.0196941
766	0.0141783	0	0.0196916
767	0.0141742	0	0.0196893
768	0.0141701	0	0.019687
769	0.014166	0	0.0196847
770	0.014162	0	0.0196826
771	0.014158	0	0.0196805
772	0.014154	0	0.0196785
773	0.0141501	0	0.0196766
774	0.0141462	0	0.0196747
775	0.0141424	0	0.0196729
776	0.0141386	0	0.0196712
777	0.0141348	0	0.0196696
778	0.014131	0	0.019668
779	0.0141273	0	0.0196665
780	0.0141236	0	0.0196651
781	0.01412	0	0.0196638
782	0.0141164	0	0.0196625
783	0.0141128	0	0.0196613
784	0.0141092	0	0.0196603
785	0.0141057	0	0.0196592
786	0.0141023	0	0.0196583
787	0.0140988	0	0.0196574
788	0.0140954	0	0.0196567
789	0.0140921	0	0.019656
790	0.0140888	0	0.0196554
791	0.0140855	0	0.0196549
792	0.0140822	0	0.0196544
793	0.014079	0	0.0196541
794	0.0140759	0	0.0196538
795	0.0140727	0	0.0196537
796	0.0140696	0	0.0196536
797	0.0140666	0	0.0196536
798	0.0140636	0	0.0196537
799	0.0140606	0	0.0196539
800	0.0140577	0	0.0196542
801	0.0140548	0	0.0196546
802	0.0140519	0	0.0196551
803	0.0140491	0	0.0196558
804	0.0140464	0	0.0196565
805	0.0140437	0	0.0196573
806	0.014041	0	0.0196582
807	0.0140384	0	0.0196593
808	0.0140358	0	0.0196604
809	0.0140333	0	0.0196617
810	0.0140308	0	0.0196631
811	0.0140284	0	0.0196646
812	0.014026	0	0.0196662
813	0.0140237	0	0.019668
814	0.0140215	0	0.0196699
815	0.0140193	0	0.0196719
816	0.0140171	0	0.019674
817	0.0140151	0	0.0196763
818	0.0140131	0	0.0196788
819	0.0140111	0	0.0196814
820	0.0140092	0	0.0196841
821	0.0140074	0	0.019687
822	0.0140057	0	0.0196901
823	0.014004	0	0.0196934
824	0.0140025	0	0.0196968
825	0.014001	0	0.0197004
826	0.0139996	0	0.0197041
827	0.0139982	0	0.0197081
828	0.013997	0	0.0197122
829	0.0139958	0	0.0197166
830	0.0139948	0	0.0197212
831	0.0139939	0	0.0197259
832	0.013993	0	0.019731
833	0.0139923	0	0.0197362
834	0.0139917	0	0.0197417
835	0.0139912	0	0.0197474
836	0.0139908	0	0.0197534
837	0.0139905	0	0.0197596
838	0.0139903	0	0.0197661
839	0.0139903	0	0.0197729
840	0.0139904	0	0.01978
841	0.0139907	0	0.0197873
842	0.013991	0	0.019795
843	0.0139915	0	0.019803
844	0.0139921	0	0.0198113
845	0.0139929	0	0.0198198
846	0.0139937	0	0.0198287
847	0.0139947	0	0.0198379
848	0.0139958	0	0.0198474
849	0.013997	0	0.0198572
850	0.0139983	0	0.0198672
851	0.0139997	0	0.0198774
852	0.0140011	0	0.0198878
853	0.0140026	0	0.0198984
854	0.0140042	0	0.019909
855	0.0140058	0	0.0199197
856	0.0140074	0	0.0199304
857	0.0140089	0	0.0199409
858	0.0140105	0	0.0199512
859	0.0140121	0	0.0199613
860	0.0140136	0	0.019971
861	0.0140151	0	0.0199803
862	0.0140165	0	0.0199892
863	0.0140178	0	0.0199974
864	0.0140191	0	0.0200051
865	0.0140203	0	0.0200122
866	0.0140214	0	0.0200185
867	0.0140224	0	0.0200242
868	0.0140233	0	0.0200291
869	0.014024	0	0.0200334
870	0.0140247	0	0.0200369
871	0.0140251	0	0.0200397
872	0.0140255	0	0.0200418
873	0.0140256	0	0.0200433
874	0.0140256	0	0.0200441
875	0.0140255	0	0.0200443
876	0.0140251	0	0.0200439
877	0.0140246	0	0.0200429
878	0.0140239	0	0.0200415
879	0.0140231	0	0.0200395
880	0.014022	0	0.0200371
881	0.0140209	0	0.0200342
882	0.0140195	0	0.0200309
883	0.014018	0	0.0200273
884	0.0140163	0	0.0200234
885	0.0140146	0	0.0200191
886	0.0140126	0	0.0200146
887	0.0140106	0	0.0200099
888	0.0140084	0	0.0200049
889	0.0140062	0	0.0199997
890	0.0140038	0	0.0199944
891	0.0140013	0	0.0199889
892	0.0139988	0	0.0199832
893	0.0139961	0	0.0199775
894	0.0139934	0	0.0199717
895	0.0139907	0	0.0199658
896	0.0139879	0	0.0199599
897	0.013985	0	0.019954
898	0.0139821	0	0.019948
899	0.0139792	0	0.019942
900	0.0139762	0	0.0199361
901	0.0139733	0	0.0199301
902	0.0139703	0	0.0199242
903	0.0139673	0	0.0199184
904	0.0139643	0	0.0199126
905	0.0139613	0	0.0199068
906	0.0139583	0	0.0199011
907	0.0139553	0	0.0198956
908	0.0139523	0	0.0198901
909	0.0139494	0	0.0198846
910	0.0139465	0	0.0198793
911	0.0139435	0	0.0198741
912	0.0139407	0	0.019869
913	0.0139378	0	0.019864
914	0.013935	0	0.0198592
915	0.0139322	0	0.0198544
916	0.0139295	0	0.0198498
917	0.0139267	0	0.0198453
918	0.013924	0	0.0198409
919	0.0139214	0	0.0198366
920	0.0139188	0	0.0198325
921	0.0139162	0	0.0198284
922	0.0139137	0	0.0198246
923	0.0139112	0	0.0198208
924	0.0139087	0	0.0198171
925	0.0139063	0	0.0198136
926	0.0139039	0	0.0198102
927	0.0139016	0	0.019807
928	0.0138993	0	0.0198038
929	0.013897	0	0.0198008
930	0.0138947	0	0.0197978
931	0.0138925	0	0.019795
932	0.0138904	0	0.0197924
933	0.0138882	0	0.0197898
934	0.0138861	0	0.0197873
935	0.0138841	0	0.019785
936	0.013882	0	0.0197827
937	0.01388	0	0.0197806
938	0.013878	0	0.0197785
939	0.0138761	0	0.0197766
940	0.0138741	0	0.0197748
941	0.0138722	0	0.019773
942	0.0138704	0	0.0197714
943	0.0138685	0	0.0197698
944	0.0138667	0	0.0197684
945	0.0138649	0	0.019767
946	0.0138631	0	0.0197657
947	0.0138613	0	0.0197645
948	0.0138596	0	0.0197634
949	0.0138579	0	0.0197623
950	0.0138562	0	0.0197614
951	0.0138545	0	0.0197605
952	0.0138529	0	0.0197597
953	0.0138512	0	0.0197589
954	0.0138496	0	0.0197583
955	0.013848	0	0.0197577
956	0.0138464	0	0.0197571
957	0.0138448	0	0.0197567
958	0.0138432	0	0.0197563
959	0.0138417	0	0.0197559
960	0.0138401	0	0.0197557
961	0.0138386	0	0.0197554
962	0.0138371	0	0.0197553
963	0.0138356	0	0.0197552
964	0.0138341	0	0.0197551
965	0.0138326	0	0.0197551
966	0.0138311	0	0.0197552
967	0.0138297	0	0.0197553
968	0.0138282	0	0.0197555
969	0.0138268	0	0.0197557
970	0.0138253	0	0.0197559
971	0.0138239	0	0.0197562
972	0.0138225	0	0.0197566
973	0.0138211	0	0.019757
974	0.0138197	0	0.0197574
975	0.0138183	0	0.0197579
976	0.0138169	0	0.0197584
977	0.0138155	0	0.0197589
978	0.0138141	0	0.0197595
979	0.0138128	0	0.0197601
980	0.0138114	0	0.0197608
981	0.0138101	0	0.0197615
982	0.0138087	0	0.0197622
983	0.0138074	0	0.019763
984	0.013806	0	0.0197638
985	0.0138047	0	0.0197646
986	0.0138034	0	0.0197655
987	0.013802	0	0.0197664
988	0.0138007	0	0.0197673
989	0.0137994	0	0.0197682
990	0.0137981	0	0.0197692
991	0.0137968	0	0.0197702
992	0.0137955	0	0.0197712
993	0.0137942	0	0.0197723
994	0.0137929	0	0.0197734
995	0.0137916	0	0.0197745
996	0.0137903	0	0.0197756
997	0.013789	0	0.0197768
998	0.0137877	0	0.0197779
999	0.0137865	0	0.0197791
1000	0.0137852	0	0.0197804
PESOS DE LA RED
===============
Salida Esperada Vs Salida Obtenida (test)
=========================================
0.430996 -- 0.577687 
0.40083 -- 0.504189 
0.191116 -- 0.314642 
0.366144 -- 0.35395 
0.367519 -- 0.402152 
0.604647 -- 0.504913 
0.465379 -- 0.461791 
0.459066 -- 0.482807 
0.161198 -- 0.297478 
0.529216 -- 0.314263 
0.232835 -- 0.383602 
0.268985 -- 0.409181 
0.404717 -- 0.645107 
0.234433 -- 0.410532 
0.68694 -- 0.577097 
0.612588 -- 0.530444 
0.472511 -- 0.587654 
0.771912 -- 0.58436 
0.767634 -- 0.570753 
0.529077 -- 0.495324 
0.840582 -- 0.650849 
0.304584 -- 0.24373 
0.375972 -- 0.256935 
0.706528 -- 0.558243 
0.192498 -- 0.289544 
0 -- 0.31338 
0.445856 -- 0.433022 
0.199522 -- 0.379106 
0.473098 -- 0.348634 
0.517121 -- 0.339841 
0.125798 -- 0.338439 
0.399047 -- 0.24692 
0.360765 -- 0.509612 
0.61931 -- 0.586464 
0.419672 -- 0.279112 
0.657247 -- 0.443158 
0.461055 -- 0.360331 
0.650546 -- 0.575568 
0.321302 -- 0.328732 
0.623597 -- 0.518584 
0.461309 -- 0.42007 
Finalizamos => Error de test final: 0.0197804
**********
SEMILLA 5
**********
1	0.0305907	0	0.0391177
2	0.0321295	0	0.0419476
3	0.0331194	0	0.0433363
4	0.0335634	0	0.0438954
5	0.0336182	0	0.0439422
6	0.033424	0	0.0436612
7	0.0331742	0	0.0432888
8	0.0329816	0	0.0429749
9	0.0328392	0	0.0427195
10	0.0327049	0	0.0424717
11	0.0325652	0	0.0422132
12	0.0324309	0	0.041955
13	0.0323127	0	0.0417085
14	0.0322123	0	0.0414775
15	0.0321219	0	0.041257
16	0.0320304	0	0.0410374
17	0.0319304	0	0.0408147
18	0.0318233	0	0.0405963
19	0.0317178	0	0.0403986
20	0.0316236	0	0.0402361
21	0.0315456	0	0.0401145
22	0.031483	0	0.0400303
23	0.0314312	0	0.0399754
24	0.0313842	0	0.0399398
25	0.0313346	0	0.0399127
26	0.031275	0	0.0398818
27	0.0312007	0	0.0398369
28	0.0311136	0	0.0397749
29	0.0310213	0	0.0397017
30	0.0309314	0	0.0396263
31	0.0308476	0	0.039554
32	0.0307693	0	0.0394855
33	0.0306949	0	0.0394188
34	0.0306231	0	0.0393511
35	0.0305534	0	0.0392807
36	0.0304865	0	0.0392073
37	0.0304235	0	0.0391329
38	0.0303651	0	0.0390617
39	0.0303105	0	0.0389993
40	0.0302576	0	0.038949
41	0.0302026	0	0.0389074
42	0.0301425	0	0.0388651
43	0.030077	0	0.0388128
44	0.0300097	0	0.038749
45	0.0299462	0	0.0386797
46	0.0298907	0	0.038615
47	0.0298454	0	0.0385645
48	0.0298098	0	0.038534
49	0.0297817	0	0.0385245
50	0.029759	0	0.0385331
51	0.0297395	0	0.0385549
52	0.0297223	0	0.0385846
53	0.0297079	0	0.0386189
54	0.0296978	0	0.0386553
55	0.0296922	0	0.0386896
56	0.0296893	0	0.0387151
57	0.0296864	0	0.0387258
58	0.0296818	0	0.0387192
59	0.029675	0	0.0386968
60	0.0296671	0	0.0386632
61	0.029659	0	0.0386235
62	0.0296517	0	0.0385818
63	0.0296454	0	0.0385408
64	0.0296402	0	0.0385018
65	0.0296357	0	0.0384651
66	0.0296318	0	0.0384309
67	0.0296281	0	0.0383988
68	0.0296245	0	0.0383685
69	0.0296207	0	0.0383397
70	0.0296167	0	0.0383121
71	0.0296124	0	0.0382852
72	0.0296077	0	0.0382589
73	0.0296025	0	0.038233
74	0.0295969	0	0.0382072
75	0.0295909	0	0.0381813
76	0.0295843	0	0.0381553
77	0.0295774	0	0.0381292
78	0.0295701	0	0.0381029
79	0.0295626	0	0.0380766
80	0.0295549	0	0.0380506
81	0.0295475	0	0.0380254
82	0.0295408	0	0.0380016
83	0.0295352	0	0.0379796
84	0.0295315	0	0.0379589
85	0.0295301	0	0.0379378
86	0.0295312	0	0.0379133
87	0.0295348	0	0.0378835
88	0.0295408	0	0.0378494
89	0.0295487	0	0.0378141
90	0.029558	0	0.0377806
91	0.029568	0	0.0377497
92	0.0295774	0	0.0377196
93	0.0295846	0	0.0376858
94	0.029588	0	0.0376428
95	0.0295868	0	0.0375874
96	0.0295825	0	0.0375218
97	0.029578	0	0.0374531
98	0.0295754	0	0.0373883
99	0.0295754	0	0.0373309
100	0.0295773	0	0.0372815
101	0.0295802	0	0.0372392
102	0.0295833	0	0.037203
103	0.0295859	0	0.0371721
104	0.0295873	0	0.0371462
105	0.0295872	0	0.0371251
106	0.029585	0	0.0371086
107	0.0295805	0	0.0370963
108	0.0295737	0	0.0370874
109	0.0295648	0	0.0370807
110	0.0295539	0	0.0370748
111	0.0295414	0	0.0370681
112	0.0295278	0	0.0370593
113	0.0295136	0	0.0370477
114	0.0294992	0	0.0370328
115	0.029485	0	0.0370149
116	0.0294714	0	0.0369942
117	0.0294585	0	0.0369714
118	0.0294467	0	0.0369473
119	0.0294361	0	0.0369225
120	0.0294269	0	0.0368978
121	0.029419	0	0.0368739
122	0.0294126	0	0.0368515
123	0.0294078	0	0.0368312
124	0.0294045	0	0.0368135
125	0.0294026	0	0.0367988
126	0.0294021	0	0.036787
127	0.0294028	0	0.036778
128	0.0294044	0	0.0367711
129	0.0294066	0	0.0367658
130	0.0294091	0	0.0367612
131	0.0294117	0	0.0367564
132	0.029414	0	0.0367508
133	0.029416	0	0.0367441
134	0.0294176	0	0.0367362
135	0.0294187	0	0.0367269
136	0.0294193	0	0.0367167
137	0.0294196	0	0.0367056
138	0.0294195	0	0.0366941
139	0.0294192	0	0.0366823
140	0.0294186	0	0.0366704
141	0.0294179	0	0.0366586
142	0.029417	0	0.036647
143	0.0294159	0	0.0366357
144	0.0294147	0	0.0366247
145	0.0294134	0	0.036614
146	0.029412	0	0.0366036
147	0.0294104	0	0.0365935
148	0.0294086	0	0.0365837
149	0.0294067	0	0.0365742
150	0.0294047	0	0.0365649
151	0.0294024	0	0.0365557
152	0.0293999	0	0.0365467
153	0.0293973	0	0.0365377
154	0.0293943	0	0.0365287
155	0.0293912	0	0.0365196
156	0.0293878	0	0.0365102
157	0.0293841	0	0.0365003
158	0.0293802	0	0.0364898
159	0.029376	0	0.0364784
160	0.0293718	0	0.0364656
161	0.0293675	0	0.036451
162	0.0293636	0	0.0364342
163	0.0293604	0	0.0364149
164	0.0293585	0	0.0363933
165	0.0293588	0	0.0363703
166	0.0293621	0	0.0363478
167	0.0293687	0	0.0363284
168	0.0293785	0	0.0363144
169	0.0293905	0	0.0363065
170	0.0294036	0	0.0363036
171	0.029417	0	0.0363038
172	0.02943	0	0.0363054
173	0.0294426	0	0.0363072
174	0.0294548	0	0.0363086
175	0.0294664	0	0.0363094
176	0.0294777	0	0.0363098
177	0.0294884	0	0.0363101
178	0.0294986	0	0.0363104
179	0.0295081	0	0.0363108
180	0.0295165	0	0.0363114
181	0.0295237	0	0.0363123
182	0.0295294	0	0.0363134
183	0.0295334	0	0.0363145
184	0.0295354	0	0.0363156
185	0.0295355	0	0.0363164
186	0.0295336	0	0.0363171
187	0.0295298	0	0.0363176
188	0.0295241	0	0.036318
189	0.0295169	0	0.0363184
190	0.0295081	0	0.0363191
191	0.0294978	0	0.0363201
192	0.0294862	0	0.0363217
193	0.0294732	0	0.0363239
194	0.029459	0	0.036327
195	0.0294436	0	0.036331
196	0.029427	0	0.0363359
197	0.0294095	0	0.0363417
198	0.0293913	0	0.0363484
199	0.0293728	0	0.0363556
200	0.0293545	0	0.036363
201	0.0293372	0	0.0363702
202	0.0293213	0	0.0363765
203	0.0293076	0	0.0363813
204	0.0292965	0	0.0363842
205	0.0292884	0	0.0363845
206	0.0292834	0	0.0363819
207	0.029281	0	0.0363764
208	0.029281	0	0.036368
209	0.0292827	0	0.0363572
210	0.0292854	0	0.0363445
211	0.0292887	0	0.0363304
212	0.0292922	0	0.0363156
213	0.0292955	0	0.0363005
214	0.0292985	0	0.0362856
215	0.029301	0	0.0362712
216	0.029303	0	0.0362576
217	0.0293045	0	0.0362449
218	0.0293053	0	0.0362332
219	0.0293057	0	0.0362224
220	0.0293055	0	0.0362127
221	0.0293049	0	0.0362038
222	0.0293037	0	0.0361959
223	0.0293022	0	0.0361888
224	0.0293003	0	0.0361825
225	0.0292981	0	0.0361769
226	0.0292956	0	0.036172
227	0.0292927	0	0.0361676
228	0.0292897	0	0.0361638
229	0.0292864	0	0.0361605
230	0.0292829	0	0.0361576
231	0.0292792	0	0.0361552
232	0.0292754	0	0.0361531
233	0.0292715	0	0.0361514
234	0.0292674	0	0.03615
235	0.0292633	0	0.0361489
236	0.0292591	0	0.0361481
237	0.0292548	0	0.0361475
238	0.0292505	0	0.0361472
239	0.0292461	0	0.036147
240	0.0292417	0	0.0361471
241	0.0292372	0	0.0361472
242	0.0292328	0	0.0361476
243	0.0292283	0	0.0361481
244	0.0292238	0	0.0361487
245	0.0292194	0	0.0361494
246	0.0292149	0	0.0361502
247	0.0292105	0	0.036151
248	0.0292061	0	0.036152
249	0.0292016	0	0.036153
250	0.0291973	0	0.036154
251	0.0291929	0	0.0361551
252	0.0291885	0	0.0361562
253	0.0291842	0	0.0361574
254	0.02918	0	0.0361585
255	0.0291757	0	0.0361597
256	0.0291715	0	0.0361609
257	0.0291673	0	0.036162
258	0.0291631	0	0.0361632
259	0.029159	0	0.0361643
260	0.0291549	0	0.0361655
261	0.0291508	0	0.0361666
262	0.0291468	0	0.0361676
263	0.0291428	0	0.0361687
264	0.0291388	0	0.0361697
265	0.0291348	0	0.0361707
266	0.0291309	0	0.0361717
267	0.029127	0	0.0361726
268	0.0291232	0	0.0361734
269	0.0291194	0	0.0361743
270	0.0291156	0	0.036175
271	0.0291118	0	0.0361758
272	0.029108	0	0.0361765
273	0.0291043	0	0.0361771
274	0.0291006	0	0.0361777
275	0.029097	0	0.0361783
276	0.0290933	0	0.0361788
277	0.0290897	0	0.0361792
278	0.0290861	0	0.0361797
279	0.0290825	0	0.03618
280	0.029079	0	0.0361803
281	0.0290754	0	0.0361806
282	0.0290719	0	0.0361808
283	0.0290684	0	0.0361809
284	0.0290649	0	0.036181
285	0.0290615	0	0.0361811
286	0.029058	0	0.0361811
287	0.0290546	0	0.0361811
288	0.0290512	0	0.036181
289	0.0290478	0	0.0361808
290	0.0290444	0	0.0361806
291	0.0290411	0	0.0361804
292	0.0290377	0	0.0361801
293	0.0290344	0	0.0361798
294	0.0290311	0	0.0361794
295	0.0290278	0	0.036179
296	0.0290245	0	0.0361785
297	0.0290212	0	0.036178
298	0.0290179	0	0.0361774
299	0.0290146	0	0.0361768
300	0.0290114	0	0.0361761
301	0.0290081	0	0.0361754
302	0.0290049	0	0.0361746
303	0.0290017	0	0.0361738
304	0.0289984	0	0.036173
305	0.0289952	0	0.0361721
306	0.028992	0	0.0361712
307	0.0289888	0	0.0361702
308	0.0289856	0	0.0361691
309	0.0289824	0	0.0361681
310	0.0289792	0	0.0361669
311	0.0289761	0	0.0361658
312	0.0289729	0	0.0361645
313	0.0289697	0	0.0361633
314	0.0289665	0	0.0361619
315	0.0289634	0	0.0361606
316	0.0289602	0	0.0361592
317	0.0289571	0	0.0361577
318	0.0289539	0	0.0361562
319	0.0289507	0	0.0361546
320	0.0289476	0	0.036153
321	0.0289444	0	0.0361513
322	0.0289413	0	0.0361496
323	0.0289381	0	0.0361478
324	0.0289349	0	0.036146
325	0.0289318	0	0.0361441
326	0.0289286	0	0.0361422
327	0.0289255	0	0.0361402
328	0.0289223	0	0.0361381
329	0.0289191	0	0.036136
330	0.0289159	0	0.0361338
331	0.0289128	0	0.0361315
332	0.0289096	0	0.0361292
333	0.0289064	0	0.0361268
334	0.0289032	0	0.0361244
335	0.0289	0	0.0361219
336	0.0288968	0	0.0361193
337	0.0288935	0	0.0361166
338	0.0288903	0	0.0361139
339	0.0288871	0	0.0361111
340	0.0288838	0	0.0361082
341	0.0288806	0	0.0361052
342	0.0288773	0	0.0361022
343	0.028874	0	0.036099
344	0.0288707	0	0.0360958
345	0.0288674	0	0.0360925
346	0.0288641	0	0.0360891
347	0.0288608	0	0.0360857
348	0.0288574	0	0.0360821
349	0.0288541	0	0.0360784
350	0.0288507	0	0.0360746
351	0.0288473	0	0.0360708
352	0.0288439	0	0.0360668
353	0.0288404	0	0.0360627
354	0.028837	0	0.0360586
355	0.0288335	0	0.0360543
356	0.02883	0	0.0360499
357	0.0288265	0	0.0360454
358	0.028823	0	0.0360408
359	0.0288194	0	0.0360361
360	0.0288158	0	0.0360312
361	0.0288122	0	0.0360263
362	0.0288086	0	0.0360212
363	0.0288049	0	0.036016
364	0.0288012	0	0.0360107
365	0.0287975	0	0.0360052
366	0.0287938	0	0.0359997
367	0.02879	0	0.035994
368	0.0287862	0	0.0359881
369	0.0287824	0	0.0359822
370	0.0287785	0	0.0359761
371	0.0287746	0	0.0359698
372	0.0287707	0	0.0359635
373	0.0287667	0	0.035957
374	0.0287627	0	0.0359503
375	0.0287587	0	0.0359436
376	0.0287546	0	0.0359367
377	0.0287505	0	0.0359296
378	0.0287464	0	0.0359224
379	0.0287422	0	0.0359151
380	0.028738	0	0.0359076
381	0.0287337	0	0.0359
382	0.0287294	0	0.0358922
383	0.028725	0	0.0358843
384	0.0287207	0	0.0358762
385	0.0287162	0	0.035868
386	0.0287117	0	0.0358597
387	0.0287072	0	0.0358512
388	0.0287027	0	0.0358426
389	0.0286981	0	0.0358338
390	0.0286934	0	0.0358249
391	0.0286887	0	0.0358159
392	0.028684	0	0.0358067
393	0.0286792	0	0.0357974
394	0.0286743	0	0.035788
395	0.0286694	0	0.0357784
396	0.0286645	0	0.0357687
397	0.0286595	0	0.0357589
398	0.0286545	0	0.0357489
399	0.0286494	0	0.0357389
400	0.0286442	0	0.0357287
401	0.028639	0	0.0357184
402	0.0286338	0	0.035708
403	0.0286285	0	0.0356974
404	0.0286232	0	0.0356868
405	0.0286178	0	0.0356761
406	0.0286123	0	0.0356653
407	0.0286068	0	0.0356544
408	0.0286013	0	0.0356434
409	0.0285957	0	0.0356323
410	0.02859	0	0.0356211
411	0.0285843	0	0.0356099
412	0.0285785	0	0.0355986
413	0.0285727	0	0.0355872
414	0.0285668	0	0.0355758
415	0.0285609	0	0.0355643
416	0.0285549	0	0.0355527
417	0.0285488	0	0.0355411
418	0.0285426	0	0.0355294
419	0.0285364	0	0.0355176
420	0.0285301	0	0.0355057
421	0.0285237	0	0.0354938
422	0.0285172	0	0.0354818
423	0.0285106	0	0.0354697
424	0.028504	0	0.0354575
425	0.0284972	0	0.0354452
426	0.0284903	0	0.0354327
427	0.0284832	0	0.0354201
428	0.0284761	0	0.0354073
429	0.0284687	0	0.0353944
430	0.0284612	0	0.0353811
431	0.0284535	0	0.0353677
432	0.0284457	0	0.0353539
433	0.0284376	0	0.0353399
434	0.0284293	0	0.0353254
435	0.0284207	0	0.0353106
436	0.0284119	0	0.0352954
437	0.0284028	0	0.0352797
438	0.0283934	0	0.0352634
439	0.0283837	0	0.0352467
440	0.0283737	0	0.0352293
441	0.0283634	0	0.0352114
442	0.0283527	0	0.0351927
443	0.0283417	0	0.0351734
444	0.0283303	0	0.0351532
445	0.0283185	0	0.0351323
446	0.0283064	0	0.0351104
447	0.0282939	0	0.0350877
448	0.028281	0	0.035064
449	0.0282679	0	0.0350394
450	0.0282544	0	0.0350138
451	0.0282406	0	0.0349873
452	0.0282267	0	0.03496
453	0.0282126	0	0.0349319
454	0.0281985	0	0.0349032
455	0.0281844	0	0.0348742
456	0.0281705	0	0.034845
457	0.0281569	0	0.0348159
458	0.0281436	0	0.0347872
459	0.028131	0	0.0347593
460	0.028119	0	0.0347324
461	0.0281078	0	0.0347068
462	0.0280975	0	0.0346827
463	0.0280883	0	0.0346605
464	0.0280802	0	0.0346403
465	0.0280733	0	0.0346221
466	0.0280675	0	0.0346061
467	0.0280628	0	0.0345921
468	0.0280593	0	0.03458
469	0.0280569	0	0.0345697
470	0.0280555	0	0.0345608
471	0.0280549	0	0.034553
472	0.028055	0	0.0345458
473	0.0280555	0	0.0345385
474	0.028056	0	0.0345302
475	0.028056	0	0.0345196
476	0.0280545	0	0.0345055
477	0.0280508	0	0.0344862
478	0.0280439	0	0.0344602
479	0.0280332	0	0.0344264
480	0.0280183	0	0.0343843
481	0.0279991	0	0.034334
482	0.0279758	0	0.0342759
483	0.027949	0	0.0342112
484	0.0279192	0	0.0341409
485	0.0278869	0	0.0340663
486	0.027853	0	0.0339884
487	0.0278178	0	0.0339083
488	0.0277818	0	0.033827
489	0.0277455	0	0.0337452
490	0.0277093	0	0.0336635
491	0.0276733	0	0.0335826
492	0.0276377	0	0.0335029
493	0.0276028	0	0.0334248
494	0.0275687	0	0.0333485
495	0.0275353	0	0.0332742
496	0.0275027	0	0.0332022
497	0.0274708	0	0.0331324
498	0.0274397	0	0.0330649
499	0.0274091	0	0.0329996
500	0.027379	0	0.0329364
501	0.0273492	0	0.0328752
502	0.0273196	0	0.0328157
503	0.0272899	0	0.0327578
504	0.02726	0	0.0327011
505	0.0272298	0	0.0326453
506	0.0271989	0	0.0325903
507	0.0271674	0	0.0325357
508	0.027135	0	0.0324813
509	0.0271017	0	0.0324269
510	0.0270674	0	0.0323724
511	0.0270321	0	0.0323177
512	0.0269958	0	0.0322627
513	0.0269585	0	0.0322076
514	0.0269203	0	0.0321524
515	0.0268813	0	0.0320972
516	0.0268417	0	0.0320423
517	0.0268016	0	0.0319879
518	0.026761	0	0.0319341
519	0.0267202	0	0.0318812
520	0.0266793	0	0.0318294
521	0.0266384	0	0.0317788
522	0.0265976	0	0.0317296
523	0.026557	0	0.0316818
524	0.0265166	0	0.0316356
525	0.0264766	0	0.0315911
526	0.026437	0	0.0315481
527	0.0263977	0	0.0315068
528	0.0263588	0	0.0314671
529	0.0263204	0	0.031429
530	0.0262823	0	0.0313925
531	0.0262447	0	0.0313574
532	0.0262076	0	0.0313239
533	0.0261709	0	0.0312917
534	0.0261346	0	0.031261
535	0.0260987	0	0.0312316
536	0.0260633	0	0.0312036
537	0.0260284	0	0.0311768
538	0.0259939	0	0.0311513
539	0.0259599	0	0.0311269
540	0.0259264	0	0.0311038
541	0.0258934	0	0.0310818
542	0.0258609	0	0.0310609
543	0.0258288	0	0.031041
544	0.0257973	0	0.0310222
545	0.0257663	0	0.0310044
546	0.0257358	0	0.0309875
547	0.0257059	0	0.0309716
548	0.0256765	0	0.0309565
549	0.0256476	0	0.0309423
550	0.0256192	0	0.0309288
551	0.0255914	0	0.0309161
552	0.0255641	0	0.0309042
553	0.0255373	0	0.0308929
554	0.0255111	0	0.0308822
555	0.0254853	0	0.0308722
556	0.0254601	0	0.0308627
557	0.0254354	0	0.0308537
558	0.0254113	0	0.0308452
559	0.0253876	0	0.0308372
560	0.0253644	0	0.0308296
561	0.0253416	0	0.0308224
562	0.0253194	0	0.0308155
563	0.0252976	0	0.0308089
564	0.0252763	0	0.0308026
565	0.0252554	0	0.0307966
566	0.0252349	0	0.0307909
567	0.0252149	0	0.0307853
568	0.0251953	0	0.0307799
569	0.025176	0	0.0307746
570	0.0251572	0	0.0307695
571	0.0251387	0	0.0307645
572	0.0251206	0	0.0307596
573	0.0251028	0	0.0307548
574	0.0250854	0	0.03075
575	0.0250683	0	0.0307453
576	0.0250515	0	0.0307406
577	0.025035	0	0.0307359
578	0.0250188	0	0.0307312
579	0.0250029	0	0.0307266
580	0.0249873	0	0.0307219
581	0.024972	0	0.0307171
582	0.0249568	0	0.0307124
583	0.024942	0	0.0307076
584	0.0249274	0	0.0307028
585	0.024913	0	0.030698
586	0.0248988	0	0.0306931
587	0.0248849	0	0.0306882
588	0.0248711	0	0.0306832
589	0.0248576	0	0.0306782
590	0.0248442	0	0.0306731
591	0.0248311	0	0.0306681
592	0.0248181	0	0.030663
593	0.0248053	0	0.0306578
594	0.0247927	0	0.0306526
595	0.0247803	0	0.0306474
596	0.024768	0	0.0306422
597	0.0247559	0	0.030637
598	0.024744	0	0.0306318
599	0.0247322	0	0.0306265
600	0.0247206	0	0.0306213
601	0.0247091	0	0.030616
602	0.0246978	0	0.0306108
603	0.0246866	0	0.0306056
604	0.0246755	0	0.0306004
605	0.0246647	0	0.0305952
606	0.0246539	0	0.0305901
607	0.0246433	0	0.030585
608	0.0246328	0	0.0305799
609	0.0246225	0	0.0305749
610	0.0246123	0	0.0305699
611	0.0246022	0	0.030565
612	0.0245922	0	0.0305601
613	0.0245824	0	0.0305553
614	0.0245727	0	0.0305506
615	0.0245632	0	0.0305459
616	0.0245538	0	0.0305413
617	0.0245445	0	0.0305367
618	0.0245353	0	0.0305323
619	0.0245262	0	0.0305279
620	0.0245173	0	0.0305236
621	0.0245085	0	0.0305194
622	0.0244998	0	0.0305152
623	0.0244912	0	0.0305111
624	0.0244827	0	0.0305072
625	0.0244744	0	0.0305033
626	0.0244662	0	0.0304995
627	0.024458	0	0.0304958
628	0.02445	0	0.0304922
629	0.0244422	0	0.0304886
630	0.0244344	0	0.0304852
631	0.0244267	0	0.0304819
632	0.0244192	0	0.0304786
633	0.0244117	0	0.0304755
634	0.0244044	0	0.0304724
635	0.0243972	0	0.0304694
636	0.0243901	0	0.0304666
637	0.024383	0	0.0304638
638	0.0243761	0	0.0304611
639	0.0243693	0	0.0304585
640	0.0243626	0	0.030456
641	0.024356	0	0.0304536
642	0.0243495	0	0.0304513
643	0.0243432	0	0.0304491
644	0.0243369	0	0.0304469
645	0.0243307	0	0.0304449
646	0.0243246	0	0.0304429
647	0.0243186	0	0.030441
648	0.0243127	0	0.0304393
649	0.0243069	0	0.0304376
650	0.0243011	0	0.030436
651	0.0242955	0	0.0304344
652	0.02429	0	0.030433
653	0.0242846	0	0.0304317
654	0.0242792	0	0.0304304
655	0.024274	0	0.0304292
656	0.0242688	0	0.0304281
657	0.0242638	0	0.0304271
658	0.0242588	0	0.0304261
659	0.0242539	0	0.0304252
660	0.0242491	0	0.0304245
661	0.0242444	0	0.0304237
662	0.0242397	0	0.0304231
663	0.0242352	0	0.0304225
664	0.0242307	0	0.0304221
665	0.0242263	0	0.0304216
666	0.024222	0	0.0304213
667	0.0242178	0	0.030421
668	0.0242137	0	0.0304208
669	0.0242096	0	0.0304207
670	0.0242056	0	0.0304207
671	0.0242017	0	0.0304207
672	0.0241979	0	0.0304208
673	0.0241941	0	0.0304209
674	0.0241905	0	0.0304211
675	0.0241869	0	0.0304214
676	0.0241833	0	0.0304217
677	0.0241799	0	0.0304221
678	0.0241765	0	0.0304226
679	0.0241732	0	0.0304231
680	0.02417	0	0.0304237
681	0.0241668	0	0.0304244
682	0.0241637	0	0.0304251
683	0.0241607	0	0.0304259
684	0.0241577	0	0.0304267
685	0.0241548	0	0.0304276
686	0.024152	0	0.0304285
687	0.0241492	0	0.0304295
688	0.0241465	0	0.0304306
689	0.0241439	0	0.0304317
690	0.0241413	0	0.0304328
691	0.0241388	0	0.030434
692	0.0241363	0	0.0304353
693	0.0241339	0	0.0304366
694	0.0241316	0	0.030438
695	0.0241293	0	0.0304394
696	0.0241271	0	0.0304408
697	0.024125	0	0.0304423
698	0.0241229	0	0.0304439
699	0.0241209	0	0.0304455
700	0.0241189	0	0.0304471
701	0.024117	0	0.0304488
702	0.0241151	0	0.0304506
703	0.0241133	0	0.0304523
704	0.0241115	0	0.0304541
705	0.0241098	0	0.030456
706	0.0241081	0	0.0304579
707	0.0241065	0	0.0304598
708	0.024105	0	0.0304618
709	0.0241035	0	0.0304638
710	0.024102	0	0.0304659
711	0.0241006	0	0.030468
712	0.0240992	0	0.0304701
713	0.0240979	0	0.0304723
714	0.0240966	0	0.0304745
715	0.0240954	0	0.0304767
716	0.0240942	0	0.0304789
717	0.0240931	0	0.0304812
718	0.024092	0	0.0304836
719	0.024091	0	0.0304859
720	0.02409	0	0.0304883
721	0.024089	0	0.0304907
722	0.0240881	0	0.0304931
723	0.0240873	0	0.0304956
724	0.0240864	0	0.0304981
725	0.0240856	0	0.0305006
726	0.0240849	0	0.0305032
727	0.0240842	0	0.0305057
728	0.0240835	0	0.0305083
729	0.0240829	0	0.0305109
730	0.0240823	0	0.0305136
731	0.0240817	0	0.0305162
732	0.0240812	0	0.0305189
733	0.0240807	0	0.0305216
734	0.0240802	0	0.0305243
735	0.0240798	0	0.030527
736	0.0240794	0	0.0305298
737	0.0240791	0	0.0305325
738	0.0240788	0	0.0305353
739	0.0240785	0	0.0305381
740	0.0240783	0	0.0305409
741	0.024078	0	0.0305437
742	0.0240779	0	0.0305466
743	0.0240777	0	0.0305494
744	0.0240776	0	0.0305522
745	0.0240775	0	0.0305551
746	0.0240775	0	0.030558
747	0.0240774	0	0.0305608
748	0.0240774	0	0.0305637
749	0.0240775	0	0.0305666
750	0.0240775	0	0.0305695
751	0.0240776	0	0.0305723
752	0.0240778	0	0.0305752
753	0.0240779	0	0.0305781
754	0.0240781	0	0.030581
755	0.0240783	0	0.0305839
756	0.0240786	0	0.0305868
757	0.0240788	0	0.0305897
758	0.0240791	0	0.0305925
759	0.0240795	0	0.0305954
760	0.0240798	0	0.0305983
761	0.0240802	0	0.0306011
762	0.0240806	0	0.030604
763	0.0240811	0	0.0306068
764	0.0240816	0	0.0306097
765	0.0240821	0	0.0306125
766	0.0240826	0	0.0306153
767	0.0240832	0	0.0306181
768	0.0240838	0	0.0306209
769	0.0240845	0	0.0306236
770	0.0240852	0	0.0306264
771	0.0240859	0	0.0306291
772	0.0240866	0	0.0306319
773	0.0240874	0	0.0306346
774	0.0240882	0	0.0306372
775	0.0240891	0	0.0306399
776	0.02409	0	0.0306426
777	0.0240909	0	0.0306452
778	0.0240919	0	0.0306478
779	0.0240929	0	0.0306504
780	0.024094	0	0.0306529
781	0.0240951	0	0.0306555
782	0.0240962	0	0.030658
783	0.0240974	0	0.0306605
784	0.0240987	0	0.0306629
785	0.0241	0	0.0306654
786	0.0241014	0	0.0306678
787	0.0241028	0	0.0306702
788	0.0241043	0	0.0306726
789	0.0241058	0	0.0306749
790	0.0241074	0	0.0306772
791	0.0241091	0	0.0306795
792	0.0241108	0	0.0306818
793	0.0241127	0	0.030684
794	0.0241146	0	0.0306862
795	0.0241165	0	0.0306884
796	0.0241186	0	0.0306906
797	0.0241207	0	0.0306927
798	0.024123	0	0.0306949
799	0.0241253	0	0.030697
800	0.0241278	0	0.030699
801	0.0241303	0	0.0307011
802	0.024133	0	0.0307031
803	0.0241358	0	0.0307051
804	0.0241387	0	0.0307071
805	0.0241417	0	0.0307091
806	0.0241449	0	0.0307111
807	0.0241482	0	0.030713
808	0.0241516	0	0.0307149
809	0.0241553	0	0.0307169
810	0.024159	0	0.0307188
811	0.024163	0	0.0307207
812	0.0241671	0	0.0307226
813	0.0241715	0	0.0307244
814	0.024176	0	0.0307263
815	0.0241808	0	0.0307282
816	0.0241858	0	0.0307301
817	0.024191	0	0.030732
818	0.0241965	0	0.0307339
819	0.0242022	0	0.0307359
820	0.0242082	0	0.0307378
821	0.0242145	0	0.0307398
822	0.0242211	0	0.0307418
Salida porque no mejora el entrenamiento!!
PESOS DE LA RED
===============
Salida Esperada Vs Salida Obtenida (test)
=========================================
0.430996 -- 0.676901 
0.40083 -- 0.471521 
0.191116 -- 0.509786 
0.366144 -- 0.514312 
0.367519 -- 0.502243 
0.604647 -- 0.560737 
0.465379 -- 0.4998 
0.459066 -- 0.466527 
0.161198 -- 0.304244 
0.529216 -- 0.511851 
0.232835 -- 0.46157 
0.268985 -- 0.414683 
0.404717 -- 0.490736 
0.234433 -- 0.463882 
0.68694 -- 0.510245 
0.612588 -- 0.513936 
0.472511 -- 0.477337 
0.771912 -- 0.68735 
0.767634 -- 0.665975 
0.529077 -- 0.545434 
0.840582 -- 0.487783 
0.304584 -- 0.330527 
0.375972 -- 0.309438 
0.706528 -- 0.496332 
0.192498 -- 0.408626 
0 -- 0.510341 
0.445856 -- 0.455136 
0.199522 -- 0.441723 
0.473098 -- 0.458073 
0.517121 -- 0.332323 
0.125798 -- 0.4569 
0.399047 -- 0.322395 
0.360765 -- 0.498094 
0.61931 -- 0.505579 
0.419672 -- 0.301035 
0.657247 -- 0.464127 
0.461055 -- 0.504535 
0.650546 -- 0.476248 
0.321302 -- 0.322768 
0.623597 -- 0.47183 
0.461309 -- 0.501444 
Finalizamos => Error de test final: 0.0305608
HEMOS TERMINADO TODAS LAS SEMILLAS
INFORME FINAL
*************
Error de entrenamiento (Media +- DT): 0.023937 +- 0.0122805
Error de test (Media +- DT):          0.0308171 +- 0.0138753
