**********
SEMILLA 1
**********
1	0.0308772	0.0231036	0.0365611
2	0.0317137	0.0235277	0.0368485
3	0.0317793	0.0237889	0.0368416
4	0.0315087	0.024002	0.0367452
5	0.0312007	0.0242392	0.0366414
6	0.0309097	0.0244307	0.0365244
7	0.03066	0.0244547	0.0364427
8	0.0304676	0.0243155	0.0364508
9	0.0303204	0.0241075	0.0365377
10	0.0301998	0.0239041	0.0366694
11	0.0300943	0.0237389	0.0368217
12	0.0300008	0.0236229	0.0369807
13	0.0299217	0.0235565	0.0371378
14	0.0298612	0.023533	0.0372855
15	0.029819	0.0235392	0.0374141
16	0.0297864	0.0235596	0.0375128
17	0.0297513	0.0235808	0.0375736
18	0.0297057	0.0235935	0.0375944
19	0.0296483	0.0235919	0.0375798
20	0.0295832	0.0235741	0.0375397
21	0.0295173	0.0235414	0.0374862
22	0.0294565	0.023497	0.0374305
23	0.0294044	0.0234449	0.0373798
24	0.0293617	0.023388	0.0373376
25	0.0293278	0.0233277	0.037304
26	0.0293016	0.0232634	0.0372779
27	0.0292815	0.0231935	0.0372587
28	0.029265	0.0231161	0.0372461
29	0.0292478	0.0230307	0.0372395
30	0.0292249	0.0229425	0.037236
31	0.0291949	0.0228651	0.0372309
32	0.0291628	0.0228129	0.0372216
33	0.029136	0.0227881	0.0372099
34	0.0291167	0.0227822	0.0371982
35	0.0291033	0.0227846	0.0371882
36	0.0290931	0.0227879	0.0371801
37	0.0290841	0.0227882	0.0371737
38	0.0290754	0.022784	0.0371687
39	0.0290662	0.0227748	0.0371647
40	0.0290564	0.0227607	0.0371615
41	0.0290457	0.0227422	0.0371588
42	0.0290342	0.0227195	0.0371565
43	0.0290218	0.0226933	0.0371545
44	0.0290086	0.0226638	0.0371525
45	0.0289946	0.0226314	0.0371506
46	0.0289798	0.0225964	0.0371487
47	0.0289643	0.0225589	0.0371466
48	0.0289481	0.0225191	0.0371445
49	0.0289311	0.0224773	0.0371421
50	0.0289136	0.0224335	0.0371396
51	0.0288954	0.0223879	0.0371369
52	0.0288766	0.0223405	0.0371339
53	0.0288572	0.0222914	0.0371308
54	0.0288374	0.0222406	0.0371275
55	0.028817	0.0221883	0.037124
56	0.0287961	0.0221346	0.0371203
57	0.0287748	0.0220793	0.0371165
58	0.0287531	0.0220227	0.0371127
59	0.0287309	0.0219646	0.0371088
60	0.0287084	0.0219053	0.0371049
61	0.0286856	0.0218447	0.037101
62	0.0286625	0.0217829	0.0370972
63	0.0286391	0.0217199	0.0370935
64	0.0286155	0.0216558	0.03709
65	0.0285916	0.0215907	0.0370867
66	0.0285676	0.0215246	0.0370837
67	0.0285435	0.0214576	0.037081
68	0.0285193	0.0213899	0.0370786
69	0.0284951	0.0213215	0.0370765
70	0.0284709	0.0212527	0.0370748
71	0.0284468	0.0211835	0.0370733
72	0.0284227	0.0211142	0.0370721
73	0.0283988	0.0210449	0.0370711
74	0.0283751	0.0209759	0.0370702
75	0.0283515	0.0209074	0.0370692
76	0.0283282	0.0208396	0.0370679
77	0.0283051	0.020773	0.0370663
78	0.0282822	0.0207075	0.0370641
79	0.0282596	0.0206436	0.0370612
80	0.0282372	0.0205814	0.0370572
81	0.0282149	0.020521	0.0370522
82	0.0281928	0.0204626	0.0370458
83	0.0281708	0.0204061	0.0370381
84	0.0281489	0.0203518	0.0370289
85	0.0281269	0.0202995	0.0370182
86	0.028105	0.0202492	0.037006
87	0.028083	0.0202008	0.0369923
88	0.028061	0.0201544	0.036977
89	0.0280388	0.0201098	0.0369604
90	0.0280164	0.0200669	0.0369423
91	0.0279939	0.0200258	0.0369228
92	0.0279712	0.0199864	0.036902
93	0.0279482	0.0199487	0.0368798
94	0.027925	0.0199126	0.0368562
95	0.0279014	0.0198782	0.0368312
96	0.0278776	0.0198455	0.0368047
97	0.0278533	0.0198146	0.0367767
98	0.0278287	0.0197855	0.0367471
99	0.0278036	0.0197582	0.0367158
100	0.027778	0.0197329	0.0366827
101	0.0277518	0.0197097	0.0366476
102	0.0277251	0.0196885	0.0366104
103	0.0276977	0.0196696	0.0365709
104	0.0276695	0.0196529	0.036529
105	0.0276406	0.0196387	0.0364845
106	0.0276109	0.0196269	0.0364373
107	0.0275802	0.0196175	0.0363871
108	0.0275487	0.0196106	0.0363339
109	0.0275162	0.0196061	0.0362777
110	0.0274827	0.0196039	0.0362183
111	0.0274483	0.0196037	0.036156
112	0.027413	0.0196052	0.0360909
113	0.0273769	0.0196079	0.0360233
114	0.02734	0.0196116	0.0359538
115	0.0273026	0.0196154	0.0358828
116	0.0272647	0.019619	0.0358109
117	0.0272265	0.0196216	0.0357389
118	0.027188	0.0196229	0.0356674
119	0.0271496	0.0196224	0.0355971
120	0.0271111	0.0196198	0.0355282
121	0.0270727	0.019615	0.0354613
122	0.0270345	0.0196079	0.0353964
123	0.0269965	0.0195985	0.0353338
124	0.0269588	0.019587	0.0352733
125	0.0269213	0.0195735	0.035215
126	0.0268842	0.0195582	0.0351588
127	0.0268473	0.0195413	0.0351045
128	0.0268109	0.019523	0.035052
129	0.0267749	0.0195035	0.0350012
130	0.0267393	0.0194828	0.034952
131	0.0267043	0.0194612	0.0349044
132	0.0266697	0.0194388	0.0348581
133	0.0266357	0.0194157	0.0348133
134	0.0266022	0.019392	0.0347699
135	0.0265694	0.0193679	0.0347277
136	0.0265372	0.0193433	0.0346868
137	0.0265056	0.0193185	0.0346471
138	0.0264747	0.0192933	0.0346087
139	0.0264445	0.019268	0.0345714
140	0.026415	0.0192425	0.0345353
141	0.0263862	0.0192169	0.0345004
142	0.0263581	0.0191913	0.0344666
143	0.0263307	0.0191658	0.0344339
144	0.026304	0.0191403	0.0344024
145	0.026278	0.0191149	0.0343719
146	0.0262528	0.0190897	0.0343424
147	0.0262282	0.0190647	0.0343139
148	0.0262043	0.0190401	0.0342863
149	0.026181	0.0190159	0.0342596
150	0.0261584	0.0189922	0.0342336
151	0.0261363	0.0189691	0.0342083
152	0.0261148	0.0189466	0.0341835
153	0.0260938	0.018925	0.0341591
154	0.0260732	0.0189042	0.0341349
155	0.026053	0.0188843	0.0341109
156	0.0260332	0.0188654	0.0340869
157	0.0260138	0.0188475	0.0340627
158	0.0259946	0.0188307	0.0340383
159	0.0259757	0.018815	0.0340136
160	0.025957	0.0188004	0.0339886
161	0.0259386	0.0187868	0.0339631
162	0.0259203	0.0187743	0.0339372
163	0.0259023	0.0187627	0.0339108
164	0.0258845	0.0187521	0.0338841
165	0.0258669	0.0187424	0.0338569
166	0.0258495	0.0187336	0.0338293
167	0.0258324	0.0187256	0.0338014
168	0.0258154	0.0187183	0.0337733
169	0.0257987	0.0187117	0.0337449
170	0.0257821	0.0187057	0.0337163
171	0.0257659	0.0187004	0.0336876
172	0.0257498	0.0186956	0.0336587
173	0.025734	0.0186914	0.0336298
174	0.0257183	0.0186876	0.0336009
175	0.025703	0.0186843	0.033572
176	0.0256878	0.0186814	0.0335431
177	0.0256729	0.0186789	0.0335144
178	0.0256582	0.0186767	0.0334857
179	0.0256437	0.0186748	0.0334572
180	0.0256294	0.0186733	0.0334288
181	0.0256154	0.018672	0.0334006
182	0.0256015	0.018671	0.0333726
183	0.0255879	0.0186701	0.0333449
184	0.0255745	0.0186695	0.0333174
185	0.0255613	0.0186691	0.0332901
186	0.0255483	0.0186689	0.0332631
187	0.0255355	0.0186688	0.0332364
188	0.0255229	0.0186688	0.03321
189	0.0255105	0.018669	0.0331839
190	0.0254983	0.0186692	0.0331581
191	0.0254863	0.0186696	0.0331326
192	0.0254745	0.01867	0.0331074
193	0.0254628	0.0186705	0.0330825
194	0.0254514	0.0186711	0.033058
195	0.02544	0.0186717	0.0330338
196	0.0254289	0.0186724	0.03301
197	0.0254179	0.0186731	0.0329865
198	0.0254071	0.0186738	0.0329633
199	0.0253965	0.0186745	0.0329404
200	0.025386	0.0186753	0.0329179
201	0.0253757	0.018676	0.0328958
202	0.0253655	0.0186768	0.0328739
203	0.0253554	0.0186775	0.0328524
204	0.0253455	0.0186783	0.0328312
205	0.0253358	0.018679	0.0328104
206	0.0253262	0.0186797	0.0327899
207	0.0253167	0.0186804	0.0327697
208	0.0253073	0.018681	0.0327498
209	0.0252981	0.0186817	0.0327302
210	0.025289	0.0186823	0.032711
211	0.02528	0.0186828	0.032692
212	0.0252711	0.0186833	0.0326734
213	0.0252624	0.0186838	0.032655
214	0.0252538	0.0186843	0.032637
215	0.0252452	0.0186847	0.0326192
216	0.0252368	0.0186851	0.0326017
217	0.0252285	0.0186854	0.0325845
218	0.0252203	0.0186857	0.0325676
219	0.0252122	0.018686	0.0325509
220	0.0252043	0.0186862	0.0325346
221	0.0251964	0.0186864	0.0325184
222	0.0251886	0.0186865	0.0325026
223	0.0251809	0.0186866	0.032487
224	0.0251733	0.0186866	0.0324716
225	0.0251657	0.0186867	0.0324565
226	0.0251583	0.0186866	0.0324416
227	0.025151	0.0186866	0.032427
228	0.0251437	0.0186865	0.0324126
229	0.0251365	0.0186864	0.0323984
230	0.0251295	0.0186862	0.0323844
231	0.0251225	0.018686	0.0323706
232	0.0251155	0.0186858	0.0323571
233	0.0251087	0.0186855	0.0323437
234	0.0251019	0.0186852	0.0323306
235	0.0250952	0.0186849	0.0323176
236	0.0250886	0.0186846	0.0323049
237	0.025082	0.0186842	0.0322923
238	0.0250756	0.0186838	0.0322799
239	0.0250692	0.0186834	0.0322677
240	0.0250628	0.018683	0.0322557
241	0.0250566	0.0186826	0.0322438
242	0.0250504	0.0186821	0.0322321
243	0.0250442	0.0186816	0.0322206
244	0.0250382	0.0186811	0.0322092
245	0.0250321	0.0186806	0.032198
246	0.0250262	0.01868	0.0321869
247	0.0250203	0.0186795	0.032176
248	0.0250145	0.0186789	0.0321653
249	0.0250087	0.0186784	0.0321546
250	0.025003	0.0186778	0.0321441
251	0.0249974	0.0186772	0.0321338
252	0.0249918	0.0186766	0.0321236
253	0.0249863	0.018676	0.0321135
254	0.0249808	0.0186754	0.0321035
255	0.0249754	0.0186748	0.0320936
256	0.02497	0.0186742	0.0320839
257	0.0249647	0.0186736	0.0320743
258	0.0249594	0.018673	0.0320648
259	0.0249542	0.0186724	0.0320554
260	0.0249491	0.0186718	0.0320461
261	0.024944	0.0186712	0.032037
262	0.0249389	0.0186706	0.0320279
263	0.0249339	0.01867	0.0320189
264	0.0249289	0.0186694	0.0320101
265	0.024924	0.0186688	0.0320013
266	0.0249192	0.0186682	0.0319926
267	0.0249143	0.0186676	0.031984
268	0.0249096	0.0186671	0.0319756
269	0.0249048	0.0186665	0.0319672
270	0.0249002	0.0186659	0.0319588
271	0.0248955	0.0186654	0.0319506
272	0.024891	0.0186649	0.0319425
273	0.0248864	0.0186643	0.0319344
274	0.0248819	0.0186638	0.0319264
275	0.0248775	0.0186633	0.0319185
276	0.024873	0.0186628	0.0319107
277	0.0248687	0.0186624	0.031903
278	0.0248643	0.0186619	0.0318953
279	0.0248601	0.0186615	0.0318877
280	0.0248558	0.018661	0.0318802
281	0.0248516	0.0186606	0.0318727
282	0.0248475	0.0186602	0.0318653
283	0.0248433	0.0186598	0.031858
284	0.0248393	0.0186595	0.0318507
285	0.0248352	0.0186591	0.0318435
286	0.0248312	0.0186588	0.0318364
287	0.0248273	0.0186585	0.0318293
288	0.0248234	0.0186582	0.0318223
289	0.0248195	0.0186579	0.0318153
290	0.0248157	0.0186576	0.0318084
291	0.0248119	0.0186574	0.0318016
292	0.0248081	0.0186572	0.0317948
293	0.0248044	0.018657	0.0317881
294	0.0248007	0.0186568	0.0317814
295	0.0247971	0.0186567	0.0317747
296	0.0247935	0.0186566	0.0317682
297	0.0247899	0.0186565	0.0317616
298	0.0247864	0.0186564	0.0317551
299	0.0247829	0.0186563	0.0317487
300	0.0247795	0.0186563	0.0317423
301	0.0247761	0.0186563	0.031736
302	0.0247728	0.0186563	0.0317297
303	0.0247695	0.0186564	0.0317234
304	0.0247662	0.0186565	0.0317172
305	0.024763	0.0186566	0.031711
306	0.0247598	0.0186567	0.0317049
307	0.0247566	0.0186569	0.0316988
308	0.0247535	0.0186571	0.0316927
309	0.0247504	0.0186573	0.0316867
310	0.0247474	0.0186576	0.0316807
311	0.0247445	0.0186578	0.0316747
312	0.0247415	0.0186582	0.0316688
313	0.0247386	0.0186585	0.0316629
314	0.0247358	0.0186589	0.031657
315	0.024733	0.0186593	0.0316512
316	0.0247302	0.0186598	0.0316454
317	0.0247275	0.0186603	0.0316396
318	0.0247249	0.0186608	0.0316338
319	0.0247223	0.0186613	0.0316281
320	0.0247197	0.0186619	0.0316224
321	0.0247172	0.0186625	0.0316167
322	0.0247147	0.0186632	0.0316111
323	0.0247123	0.0186638	0.0316054
324	0.0247099	0.0186645	0.0315998
325	0.0247075	0.0186653	0.0315942
326	0.0247053	0.018666	0.0315887
327	0.024703	0.0186668	0.0315831
328	0.0247008	0.0186677	0.0315776
329	0.0246987	0.0186685	0.0315721
330	0.0246966	0.0186694	0.0315666
331	0.0246945	0.0186702	0.0315611
332	0.0246925	0.0186711	0.0315557
333	0.0246905	0.0186721	0.0315502
334	0.0246886	0.018673	0.0315448
335	0.0246867	0.0186739	0.0315394
336	0.0246849	0.0186749	0.031534
337	0.024683	0.0186758	0.0315286
338	0.0246813	0.0186768	0.0315232
339	0.0246795	0.0186777	0.0315178
340	0.0246778	0.0186787	0.0315124
341	0.0246761	0.0186796	0.0315071
342	0.0246745	0.0186806	0.0315018
343	0.0246729	0.0186815	0.0314964
344	0.0246713	0.0186824	0.0314911
345	0.0246697	0.0186833	0.0314858
346	0.0246682	0.0186842	0.0314804
347	0.0246667	0.018685	0.0314751
348	0.0246652	0.0186858	0.0314698
349	0.0246637	0.0186866	0.0314645
350	0.0246622	0.0186874	0.0314592
351	0.0246607	0.0186881	0.0314539
352	0.0246593	0.0186888	0.0314487
353	0.0246579	0.0186894	0.0314434
354	0.0246564	0.0186901	0.0314381
355	0.024655	0.0186906	0.0314329
356	0.0246536	0.0186912	0.0314276
357	0.0246522	0.0186917	0.0314224
358	0.0246508	0.0186921	0.0314171
359	0.0246494	0.0186926	0.0314119
360	0.024648	0.0186929	0.0314067
361	0.0246466	0.0186933	0.0314015
362	0.0246451	0.0186936	0.0313963
363	0.0246437	0.0186938	0.0313911
364	0.0246423	0.0186941	0.0313859
365	0.0246409	0.0186942	0.0313808
366	0.0246395	0.0186944	0.0313756
367	0.024638	0.0186945	0.0313705
368	0.0246366	0.0186945	0.0313654
369	0.0246352	0.0186945	0.0313603
370	0.0246337	0.0186945	0.0313552
371	0.0246323	0.0186945	0.0313502
372	0.0246308	0.0186944	0.0313451
373	0.0246293	0.0186942	0.0313401
374	0.0246278	0.0186941	0.0313351
375	0.0246263	0.0186938	0.0313302
Salida porque no mejora el entrenamiento!!
PESOS DE LA RED
===============
Salida Esperada Vs Salida Obtenida (test)
=========================================
0.430996 -- 0.446182 
0.40083 -- 0.447824 
0.191116 -- 0.462237 
0.366144 -- 0.452266 
0.367519 -- 0.495059 
0.604647 -- 0.445785 
0.465379 -- 0.510843 
0.459066 -- 0.447749 
0.161198 -- 0.446094 
0.529216 -- 0.457067 
0.232835 -- 0.368801 
0.268985 -- 0.445759 
0.404717 -- 0.577764 
0.234433 -- 0.402133 
0.68694 -- 0.449004 
0.612588 -- 0.449604 
0.472511 -- 0.580126 
0.771912 -- 0.446251 
0.767634 -- 0.446119 
0.529077 -- 0.445765 
0.840582 -- 0.594099 
0.304584 -- 0.446565 
0.375972 -- 0.446372 
0.706528 -- 0.536431 
0.192498 -- 0.447141 
0 -- 0.460714 
0.445856 -- 0.447598 
0.199522 -- 0.447445 
0.473098 -- 0.322804 
0.517121 -- 0.44592 
0.125798 -- 0.308703 
0.399047 -- 0.446499 
0.360765 -- 0.523083 
0.61931 -- 0.448696 
0.419672 -- 0.446198 
0.657247 -- 0.44573 
0.461055 -- 0.482512 
0.650546 -- 0.570898 
0.321302 -- 0.445959 
0.623597 -- 0.520149 
0.461309 -- 0.499959 
Finalizamos => Error de test final: 0.0313302
**********
SEMILLA 2
**********
1	0.0324583	0.030501	0.038642
2	0.0354894	0.0330507	0.0418117
3	0.0350366	0.0326151	0.0409044
4	0.0336354	0.0317035	0.0394073
5	0.0329685	0.0313309	0.0388293
6	0.0326865	0.0310755	0.038684
7	0.0322198	0.0306315	0.0383243
8	0.0315614	0.0302722	0.0378389
9	0.0311691	0.0302138	0.0376441
10	0.0311087	0.0303089	0.0377298
11	0.0311573	0.0304048	0.0378637
12	0.031158	0.0304467	0.0379072
13	0.0310861	0.0304425	0.0378683
14	0.0309897	0.0304218	0.0378113
15	0.0309102	0.0304018	0.0377641
16	0.0308513	0.0303834	0.0377174
17	0.0308039	0.0303648	0.0376654
18	0.0307631	0.0303461	0.0376148
19	0.0307285	0.0303285	0.0375771
20	0.0307011	0.0303131	0.0375607
21	0.0306817	0.0303009	0.0375691
22	0.0306705	0.0302921	0.0376016
23	0.0306671	0.0302868	0.0376547
24	0.0306706	0.0302846	0.0377238
25	0.030679	0.0302846	0.0378034
26	0.0306904	0.0302859	0.037888
27	0.0307024	0.0302877	0.0379725
28	0.0307134	0.0302891	0.0380526
29	0.0307221	0.0302896	0.0381253
30	0.0307278	0.0302889	0.0381891
31	0.0307308	0.0302872	0.0382439
32	0.0307315	0.0302848	0.0382907
33	0.0307308	0.0302821	0.0383311
34	0.0307294	0.0302794	0.0383671
35	0.0307281	0.030277	0.0384006
36	0.0307274	0.0302752	0.0384331
37	0.0307276	0.030274	0.038466
38	0.0307289	0.0302736	0.0385003
39	0.0307313	0.0302738	0.0385369
40	0.0307348	0.0302747	0.0385764
41	0.0307392	0.0302762	0.0386194
42	0.0307444	0.0302783	0.0386665
43	0.0307503	0.0302809	0.0387186
44	0.0307569	0.0302845	0.038777
45	0.0307648	0.0302895	0.0388434
46	0.0307748	0.0302969	0.0389207
47	0.0307886	0.0303085	0.0390122
48	0.0308083	0.0303268	0.0391217
49	0.0308354	0.0303542	0.0392499
50	0.0308675	0.0303909	0.0393882
51	0.0308926	0.0304302	0.0395064
52	0.0308851	0.0304521	0.0395412
53	0.0308173	0.0304254	0.039424
54	0.0306888	0.0303368	0.0391686
55	0.0305348	0.0302144	0.03888
56	0.0303909	0.0300939	0.0386383
57	0.030269	0.0299894	0.0384572
58	0.0301677	0.0299019	0.0383211
59	0.0300836	0.0298302	0.038214
60	0.0300147	0.0297732	0.0381257
61	0.0299596	0.0297299	0.0380502
62	0.0299169	0.0296989	0.0379839
63	0.029885	0.0296782	0.0379244
64	0.0298623	0.0296658	0.0378708
65	0.0298469	0.0296594	0.0378231
66	0.0298373	0.0296573	0.0377817
67	0.0298321	0.0296578	0.037747
68	0.0298301	0.02966	0.0377192
69	0.0298305	0.0296631	0.0376983
70	0.0298324	0.0296666	0.0376836
71	0.0298356	0.0296702	0.0376743
72	0.0298395	0.0296738	0.0376696
73	0.0298439	0.0296772	0.0376682
74	0.0298485	0.0296803	0.0376691
75	0.0298532	0.0296831	0.0376709
76	0.0298576	0.0296854	0.0376724
77	0.0298615	0.0296868	0.0376719
78	0.0298643	0.0296871	0.0376676
79	0.0298653	0.0296855	0.0376571
80	0.0298635	0.0296811	0.0376372
81	0.0298575	0.0296724	0.0376039
82	0.0298453	0.0296573	0.0375523
83	0.0298253	0.0296336	0.0374783
84	0.0297977	0.0296007	0.037382
85	0.0297662	0.0295613	0.0372712
86	0.0297371	0.0295216	0.0371611
87	0.0297151	0.0294873	0.0370656
88	0.0297006	0.0294609	0.0369906
89	0.0296917	0.0294416	0.0369351
90	0.0296863	0.0294274	0.0368949
91	0.0296828	0.0294168	0.0368659
92	0.0296804	0.0294085	0.036845
93	0.0296786	0.0294017	0.0368298
94	0.029677	0.0293958	0.0368185
95	0.0296757	0.0293907	0.03681
96	0.0296745	0.029386	0.0368034
97	0.0296734	0.0293816	0.0367981
98	0.0296723	0.0293774	0.0367937
99	0.0296712	0.0293733	0.0367897
100	0.0296702	0.0293692	0.0367858
101	0.0296692	0.0293652	0.036782
102	0.0296683	0.0293611	0.0367778
103	0.0296673	0.029357	0.0367732
104	0.0296664	0.0293527	0.036768
105	0.0296655	0.0293483	0.036762
106	0.0296647	0.0293436	0.0367551
107	0.0296638	0.0293388	0.0367472
108	0.0296631	0.0293336	0.0367381
109	0.0296624	0.0293282	0.0367276
110	0.0296618	0.0293224	0.0367156
111	0.0296614	0.0293162	0.0367019
112	0.0296611	0.0293095	0.0366864
113	0.0296611	0.0293024	0.0366687
114	0.0296614	0.0292947	0.0366489
115	0.0296621	0.0292864	0.0366265
116	0.0296633	0.0292775	0.0366015
117	0.0296652	0.0292679	0.0365735
118	0.0296681	0.0292577	0.0365424
119	0.0296721	0.0292467	0.0365079
120	0.0296778	0.029235	0.0364697
121	0.0296856	0.0292226	0.0364275
122	0.0296961	0.0292095	0.0363814
123	0.0297103	0.029196	0.0363311
124	0.0297294	0.0291822	0.0362769
125	0.0297549	0.0291684	0.0362195
126	0.0297885	0.0291553	0.0361602
127	0.0298322	0.0291437	0.0361017
128	0.0298866	0.0291345	0.0360481
129	0.0299501	0.0291291	0.036005
130	0.0300162	0.0291285	0.0359788
131	0.0300732	0.029134	0.0359742
132	0.0301086	0.0291467	0.0359926
133	0.0301173	0.0291674	0.0360309
134	0.0301042	0.029193	0.036082
135	0.0300796	0.0292172	0.0361377
136	0.0300518	0.0292357	0.0361925
137	0.0300247	0.0292475	0.0362445
138	0.0299994	0.0292537	0.0362941
139	0.0299758	0.0292556	0.0363423
140	0.0299534	0.0292541	0.0363902
141	0.0299317	0.0292501	0.0364391
142	0.0299103	0.0292441	0.0364897
143	0.0298889	0.0292363	0.0365432
144	0.0298671	0.0292272	0.0366
145	0.0298451	0.029217	0.0366607
146	0.029823	0.0292061	0.0367255
147	0.029801	0.0291949	0.0367942
148	0.0297797	0.029184	0.0368661
149	0.0297596	0.0291738	0.0369406
150	0.0297413	0.0291647	0.0370163
151	0.0297251	0.029157	0.0370922
152	0.0297113	0.0291508	0.0371671
153	0.0297002	0.0291463	0.03724
154	0.0296916	0.0291434	0.0373102
155	0.0296855	0.0291417	0.037377
156	0.0296816	0.0291412	0.0374403
157	0.0296797	0.0291415	0.0374998
158	0.0296795	0.0291423	0.0375555
159	0.0296806	0.0291432	0.0376075
160	0.0296828	0.0291437	0.0376558
161	0.0296856	0.0291433	0.0377003
162	0.0296886	0.0291414	0.0377411
163	0.0296914	0.0291373	0.0377779
164	0.0296935	0.0291306	0.0378106
165	0.0296945	0.0291207	0.037839
166	0.0296938	0.0291072	0.037863
167	0.0296911	0.02909	0.0378826
Salida porque no mejora el entrenamiento!!
PESOS DE LA RED
===============
Salida Esperada Vs Salida Obtenida (test)
=========================================
0.430996 -- 0.385907 
0.40083 -- 0.412943 
0.191116 -- 0.419813 
0.366144 -- 0.418926 
0.367519 -- 0.420522 
0.604647 -- 0.391844 
0.465379 -- 0.420707 
0.459066 -- 0.412642 
0.161198 -- 0.402836 
0.529216 -- 0.419521 
0.232835 -- 0.423057 
0.268985 -- 0.397354 
0.404717 -- 0.421333 
0.234433 -- 0.422943 
0.68694 -- 0.41669 
0.612588 -- 0.417644 
0.472511 -- 0.422185 
0.771912 -- 0.385226 
0.767634 -- 0.386583 
0.529077 -- 0.392479 
0.840582 -- 0.421526 
0.304584 -- 0.406655 
0.375972 -- 0.405285 
0.706528 -- 0.420954 
0.192498 -- 0.409927 
0 -- 0.419743 
0.445856 -- 0.412015 
0.199522 -- 0.411353 
0.473098 -- 0.423217 
0.517121 -- 0.400732 
0.125798 -- 0.423267 
0.399047 -- 0.406207 
0.360765 -- 0.42083 
0.61931 -- 0.415929 
0.419672 -- 0.40384 
0.657247 -- 0.395572 
0.461055 -- 0.420336 
0.650546 -- 0.422251 
0.321302 -- 0.40127 
0.623597 -- 0.422512 
0.461309 -- 0.420584 
Finalizamos => Error de test final: 0.0378979
**********
SEMILLA 3
**********
1	0.0310521	0.0743742	0.0714836
2	0.0317917	0.0729943	0.0714382
3	0.0328676	0.066751	0.0656322
4	0.033331	0.0612102	0.0601713
5	0.0334761	0.0575472	0.0565
6	0.03362	0.0556812	0.0547604
7	0.0338191	0.0544242	0.053808
8	0.0340276	0.0535618	0.0532086
9	0.034291	0.0533494	0.0531628
10	0.0342996	0.0529077	0.0527395
11	0.0339902	0.0519096	0.0516748
12	0.0334984	0.0503096	0.0500323
13	0.0329411	0.0486143	0.0483338
14	0.0323946	0.0470836	0.0467878
15	0.0319494	0.0458518	0.0455153
16	0.0316582	0.0450431	0.0446637
17	0.0314926	0.0445525	0.0441448
18	0.0314002	0.0442169	0.0437944
19	0.0313395	0.0439162	0.0434849
20	0.031277	0.0435664	0.0431208
21	0.0311784	0.0431285	0.0426496
22	0.0310314	0.0426708	0.0421399
23	0.0308793	0.0422937	0.0417149
24	0.0307602	0.041995	0.0413872
25	0.0306728	0.0417564	0.0411339
26	0.030615	0.0415969	0.0409694
27	0.0305916	0.0415304	0.0409095
28	0.0305998	0.0415375	0.0409354
29	0.0306265	0.041578	0.0410022
30	0.0306564	0.0416191	0.0410707
31	0.0306809	0.041647	0.041123
32	0.0306977	0.0416609	0.0411572
33	0.0307082	0.0416647	0.0411774
34	0.0307143	0.041662	0.0411886
35	0.0307163	0.0416527	0.0411916
36	0.0307112	0.0416282	0.0411789
37	0.0306904	0.0415662	0.0411292
38	0.030641	0.0414392	0.0410165
39	0.0305602	0.0412656	0.0408624
40	0.0304703	0.0411061	0.0407332
41	0.0303933	0.0409709	0.0406307
42	0.0303352	0.0408697	0.0405471
43	0.0302911	0.0407946	0.0404767
44	0.0302556	0.0407333	0.0404144
45	0.0302257	0.0406805	0.0403585
46	0.0301998	0.0406333	0.0403076
47	0.0301765	0.0405899	0.0402603
48	0.0301551	0.0405489	0.0402153
49	0.0301348	0.040509	0.0401713
50	0.0301152	0.0404693	0.0401272
51	0.0300959	0.0404289	0.0400821
52	0.0300766	0.040387	0.0400353
53	0.030057	0.040343	0.039986
54	0.030037	0.0402964	0.0399339
55	0.0300164	0.040247	0.0398788
56	0.0299952	0.0401949	0.0398214
57	0.0299731	0.0401415	0.0397635
58	0.0299501	0.0400892	0.0397092
59	0.029926	0.0400431	0.0396648
60	0.029902	0.0400079	0.0396355
61	0.0298809	0.039983	0.0396179
62	0.029864	0.0399631	0.0396036
63	0.0298502	0.0399444	0.0395875
64	0.0298378	0.0399256	0.0395689
65	0.029826	0.0399065	0.0395483
66	0.0298146	0.0398873	0.0395267
67	0.0298035	0.0398681	0.0395046
68	0.0297926	0.0398493	0.0394825
69	0.029782	0.0398307	0.0394606
70	0.0297717	0.0398125	0.0394391
71	0.0297616	0.0397947	0.0394179
72	0.0297517	0.0397772	0.039397
73	0.029742	0.0397599	0.0393765
74	0.0297325	0.0397429	0.0393563
75	0.029723	0.039726	0.0393362
76	0.0297136	0.0397092	0.0393163
77	0.0297043	0.0396923	0.0392963
78	0.029695	0.0396754	0.0392764
79	0.0296856	0.0396582	0.0392562
80	0.0296761	0.0396407	0.0392358
81	0.0296665	0.0396227	0.0392148
82	0.0296566	0.039604	0.0391933
83	0.0296463	0.0395843	0.0391708
84	0.0296354	0.0395631	0.039147
85	0.0296236	0.0395399	0.0391214
86	0.0296105	0.0395135	0.039093
87	0.0295952	0.0394823	0.0390606
88	0.029576	0.0394437	0.0390222
89	0.029551	0.0393964	0.0389776
90	0.0295217	0.0393479	0.0389332
91	0.0294987	0.0393081	0.0388949
92	0.0294847	0.0392782	0.038863
93	0.0294744	0.0392528	0.0388341
94	0.0294652	0.0392285	0.0388057
95	0.0294562	0.0392035	0.0387765
96	0.029447	0.0391767	0.0387454
97	0.0294373	0.0391473	0.0387116
98	0.0294269	0.0391143	0.038674
99	0.0294155	0.0390765	0.0386315
100	0.0294028	0.0390331	0.038583
101	0.0293887	0.0389835	0.0385279
102	0.0293733	0.0389289	0.0384673
103	0.0293573	0.038874	0.0384056
104	0.0293423	0.0388272	0.0383519
105	0.0293301	0.0387962	0.0383148
106	0.0293214	0.0387808	0.0382954
107	0.0293157	0.0387736	0.0382862
108	0.0293114	0.038768	0.0382798
109	0.0293077	0.0387614	0.0382724
110	0.0293041	0.0387535	0.0382631
111	0.0293004	0.0387443	0.0382521
112	0.0292968	0.0387342	0.0382398
113	0.0292931	0.0387233	0.0382263
114	0.0292895	0.0387118	0.0382119
115	0.029286	0.0386998	0.0381968
116	0.0292825	0.0386873	0.0381811
117	0.029279	0.0386744	0.0381649
118	0.0292756	0.0386611	0.0381482
119	0.0292723	0.0386475	0.038131
120	0.029269	0.0386335	0.0381134
121	0.0292657	0.0386191	0.0380953
122	0.0292625	0.0386043	0.0380769
123	0.0292594	0.0385892	0.038058
124	0.0292563	0.0385736	0.0380386
125	0.0292532	0.0385575	0.0380188
126	0.0292502	0.0385411	0.0379986
127	0.0292473	0.0385241	0.0379778
128	0.0292444	0.0385066	0.0379564
129	0.0292416	0.0384885	0.0379345
130	0.0292388	0.0384698	0.037912
131	0.0292361	0.0384505	0.0378888
132	0.0292336	0.0384304	0.0378649
133	0.0292311	0.0384095	0.0378401
134	0.0292288	0.0383878	0.0378145
135	0.0292266	0.0383651	0.0377879
136	0.0292246	0.0383412	0.0377601
137	0.0292228	0.0383162	0.0377312
138	0.0292213	0.0382898	0.0377009
139	0.0292201	0.0382619	0.0376689
140	0.0292193	0.0382322	0.0376351
141	0.0292191	0.0382004	0.0375993
142	0.0292195	0.0381662	0.0375609
143	0.0292207	0.0381293	0.0375196
144	0.029223	0.038089	0.0374749
145	0.0292267	0.0380446	0.037426
146	0.0292323	0.0379955	0.037372
147	0.0292407	0.0379404	0.0373117
148	0.0292528	0.0378779	0.0372436
149	0.0292706	0.0378063	0.0371656
150	0.0292968	0.0377231	0.0370753
151	0.0293364	0.0376257	0.0369694
152	0.0293976	0.0375118	0.036845
153	0.0294946	0.0373816	0.0367013
154	0.0296496	0.0372441	0.0365456
155	0.0298841	0.0371242	0.0364015
156	0.0301886	0.0370538	0.0363019
157	0.030518	0.0370345	0.0362557
158	0.0308513	0.0370435	0.0362493
159	0.0311468	0.0370638	0.0362717
160	0.0312716	0.0370694	0.0362988
161	0.0311528	0.0370501	0.0363156
162	0.0309349	0.0370095	0.0363215
163	0.0307324	0.0369445	0.0363119
164	0.0305379	0.0368726	0.0362986
165	0.0303359	0.0368154	0.0362968
166	0.030135	0.0367826	0.0363119
167	0.0299517	0.0367733	0.0363406
168	0.0297961	0.0367805	0.0363756
169	0.029669	0.036797	0.0364102
170	0.0295659	0.0368179	0.0364409
171	0.0294806	0.0368411	0.0364676
172	0.0294071	0.0368665	0.0364922
173	0.0293411	0.0368949	0.0365177
174	0.0292794	0.0369274	0.0365467
175	0.02922	0.0369648	0.0365812
176	0.0291618	0.037007	0.0366222
177	0.0291041	0.0370534	0.0366695
178	0.0290468	0.0371017	0.0367213
179	0.0289905	0.0371489	0.0367743
180	0.0289358	0.037191	0.0368245
181	0.0288837	0.0372257	0.0368686
182	0.0288345	0.0372525	0.0369056
183	0.0287885	0.0372732	0.0369368
184	0.0287454	0.0372902	0.0369642
185	0.0287047	0.0373053	0.0369891
186	0.0286663	0.0373195	0.0370122
187	0.0286297	0.0373331	0.0370334
188	0.0285949	0.037346	0.0370523
189	0.0285616	0.037358	0.0370687
190	0.0285296	0.0373691	0.0370823
191	0.0284987	0.0373792	0.0370933
192	0.0284687	0.0373882	0.0371016
193	0.0284395	0.0373963	0.0371074
194	0.0284111	0.0374034	0.037111
195	0.0283833	0.0374097	0.0371125
196	0.0283562	0.0374154	0.0371122
197	0.0283296	0.0374204	0.0371103
198	0.0283035	0.037425	0.0371072
199	0.028278	0.0374295	0.0371031
200	0.0282531	0.0374341	0.0370986
201	0.0282287	0.0374392	0.037094
202	0.0282049	0.0374454	0.03709
203	0.0281817	0.0374534	0.0370872
204	0.0281594	0.0374638	0.0370864
205	0.0281381	0.0374777	0.0370882
206	0.0281179	0.0374955	0.0370929
207	0.0280992	0.0375171	0.0370999
208	0.028082	0.037541	0.0371073
209	0.0280661	0.0375638	0.0371117
210	0.0280511	0.0375811	0.0371092
211	0.0280361	0.0375891	0.0370967
212	0.0280207	0.0375863	0.0370738
213	0.0280046	0.0375736	0.037042
214	0.0279876	0.0375538	0.0370041
215	0.0279698	0.0375296	0.0369628
216	0.0279514	0.0375032	0.0369199
217	0.0279324	0.0374761	0.0368763
Salida porque no mejora el entrenamiento!!
PESOS DE LA RED
===============
Salida Esperada Vs Salida Obtenida (test)
=========================================
0.430996 -- 0.380071 
0.40083 -- 0.412082 
0.191116 -- 0.442689 
0.366144 -- 0.434663 
0.367519 -- 0.448808 
0.604647 -- 0.385221 
0.465379 -- 0.449722 
0.459066 -- 0.411453 
0.161198 -- 0.396599 
0.529216 -- 0.439858 
0.232835 -- 0.394585 
0.268985 -- 0.390543 
0.404717 -- 0.448692 
0.234433 -- 0.401426 
0.68694 -- 0.422472 
0.612588 -- 0.426624 
0.472511 -- 0.433314 
0.771912 -- 0.379512 
0.767634 -- 0.380634 
0.529077 -- 0.385805 
0.840582 -- 0.44677 
0.304584 -- 0.40151 
0.375972 -- 0.399664 
0.706528 -- 0.450166 
0.192498 -- 0.40646 
0 -- 0.441998 
0.445856 -- 0.410199 
0.199522 -- 0.408949 
0.473098 -- 0.383673 
0.517121 -- 0.394163 
0.125798 -- 0.379884 
0.399047 -- 0.400894 
0.360765 -- 0.450067 
0.61931 -- 0.419797 
0.419672 -- 0.397823 
0.657247 -- 0.388753 
0.461055 -- 0.4475 
0.650546 -- 0.431314 
0.321302 -- 0.39477 
0.623597 -- 0.422085 
0.461309 -- 0.449161 
Finalizamos => Error de test final: 0.0368763
**********
SEMILLA 4
**********
1	0.0351829	0.0526849	0.0581672
2	0.034377	0.0497081	0.0554103
3	0.033176	0.0475942	0.0534455
4	0.0321398	0.0461334	0.0520885
5	0.0313774	0.045026	0.0510509
6	0.030883	0.0440569	0.0501235
7	0.030614	0.0430733	0.0491605
8	0.0304967	0.0420528	0.0481612
9	0.0304312	0.0410849	0.0472309
10	0.0303688	0.0401805	0.046384
11	0.0302879	0.039181	0.0454799
12	0.0301765	0.0379516	0.0444061
13	0.030071	0.0367387	0.0433781
14	0.0300063	0.0358866	0.0427098
15	0.029978	0.035433	0.0424491
16	0.0300008	0.0352178	0.042422
17	0.0300481	0.0350926	0.0424708
18	0.0300819	0.0349846	0.0425216
19	0.0300954	0.0348631	0.0425413
20	0.0301065	0.0347278	0.0425323
21	0.0301264	0.034569	0.0424974
22	0.0301501	0.0343547	0.0424203
23	0.0301706	0.0340608	0.0422833
24	0.0301841	0.0336978	0.0420867
25	0.0301848	0.0333029	0.0418477
26	0.030166	0.0329081	0.0415846
27	0.0301286	0.0325288	0.0413114
28	0.0300811	0.0321693	0.0410364
29	0.0300305	0.0318299	0.0407643
30	0.0299809	0.0315137	0.0405021
31	0.0299362	0.0312292	0.0402618
32	0.0299007	0.0309895	0.0400582
33	0.0298785	0.0308069	0.039902
34	0.0298693	0.030679	0.0397867
35	0.0298654	0.0305817	0.0396865
36	0.0298584	0.0304911	0.0395814
37	0.0298467	0.030401	0.0394715
38	0.0298323	0.0303147	0.0393641
39	0.0298171	0.0302354	0.039264
40	0.0298021	0.030164	0.0391728
41	0.0297877	0.0300999	0.0390899
42	0.0297738	0.0300422	0.0390142
43	0.0297604	0.0299896	0.0389444
44	0.0297473	0.0299411	0.0388793
45	0.0297344	0.0298957	0.0388181
46	0.0297216	0.0298528	0.0387599
47	0.0297088	0.0298119	0.0387041
48	0.0296959	0.0297726	0.0386503
49	0.0296829	0.0297344	0.038598
50	0.0296696	0.0296972	0.038547
51	0.029656	0.0296607	0.038497
52	0.0296421	0.0296249	0.0384478
53	0.0296277	0.0295894	0.0383993
54	0.0296129	0.0295544	0.0383516
55	0.0295974	0.0295198	0.0383047
56	0.0295814	0.0294857	0.038259
57	0.0295647	0.0294522	0.0382147
58	0.0295472	0.0294196	0.0381727
59	0.029529	0.0293883	0.0381337
60	0.0295099	0.0293587	0.0380991
61	0.0294902	0.0293312	0.03807
62	0.02947	0.029306	0.0380476
63	0.0294497	0.0292828	0.0380325
64	0.02943	0.0292605	0.0380239
65	0.0294115	0.0292373	0.0380193
66	0.0293948	0.0292112	0.0380144
67	0.02938	0.0291805	0.0380043
68	0.0293665	0.0291452	0.0379856
69	0.0293535	0.0291065	0.0379572
70	0.0293407	0.0290667	0.0379208
71	0.0293278	0.0290281	0.0378795
72	0.0293151	0.0289923	0.0378367
73	0.0293025	0.0289606	0.037795
74	0.0292901	0.0289336	0.0377565
75	0.0292778	0.0289112	0.0377221
76	0.0292655	0.0288933	0.0376923
77	0.0292532	0.0288796	0.0376673
78	0.0292407	0.0288697	0.0376468
79	0.029228	0.0288632	0.0376303
80	0.029215	0.0288596	0.0376176
81	0.0292016	0.0288585	0.037608
82	0.0291879	0.0288597	0.0376012
83	0.0291739	0.0288628	0.0375968
84	0.0291596	0.0288676	0.0375944
85	0.0291451	0.0288739	0.0375938
86	0.0291303	0.0288817	0.0375947
87	0.0291153	0.0288908	0.0375971
88	0.0291003	0.0289011	0.0376008
89	0.0290852	0.0289126	0.0376057
90	0.0290703	0.0289252	0.0376118
91	0.0290556	0.0289389	0.0376189
92	0.0290411	0.0289536	0.037627
93	0.029027	0.0289692	0.0376361
94	0.0290132	0.0289856	0.0376459
95	0.029	0.0290026	0.0376565
96	0.0289872	0.0290201	0.0376676
97	0.0289748	0.029038	0.0376792
98	0.028963	0.029056	0.0376912
99	0.0289516	0.0290739	0.0377033
100	0.0289406	0.0290917	0.0377156
101	0.02893	0.0291093	0.0377278
102	0.0289197	0.0291264	0.0377401
103	0.0289098	0.0291432	0.0377523
104	0.0289001	0.0291596	0.0377647
105	0.0288906	0.0291761	0.0377772
106	0.0288813	0.0291931	0.0377903
107	0.0288724	0.0292115	0.0378043
108	0.0288639	0.0292323	0.0378201
109	0.028856	0.0292572	0.0378384
110	0.028849	0.0292884	0.0378605
111	0.0288435	0.0293284	0.0378877
112	0.02884	0.0293808	0.0379219
113	0.0288393	0.0294498	0.0379654
114	0.0288426	0.0295417	0.0380217
115	0.0288518	0.0296662	0.0380962
116	0.0288709	0.0298385	0.0381977
117	0.0289082	0.0300818	0.0383396
118	0.0289796	0.030417	0.038535
119	0.0291038	0.03081	0.0387653
120	0.0292613	0.0311039	0.0389259
121	0.0293743	0.0311579	0.0388996
122	0.029401	0.0310099	0.0387061
123	0.0293664	0.0307866	0.0384604
124	0.0293104	0.0306	0.0382719
125	0.0292597	0.0304955	0.0381871
126	0.0292189	0.0304506	0.0381842
127	0.0291844	0.0304267	0.038222
128	0.029155	0.0303988	0.0382723
129	0.0291318	0.0303615	0.0383221
130	0.0291151	0.0303206	0.0383658
131	0.0291031	0.0302815	0.0383994
132	0.0290933	0.0302448	0.0384199
133	0.029084	0.0302089	0.0384268
Salida porque no mejora el entrenamiento!!
PESOS DE LA RED
===============
Salida Esperada Vs Salida Obtenida (test)
=========================================
0.430996 -- 0.454521 
0.40083 -- 0.485457 
0.191116 -- 0.513429 
0.366144 -- 0.51869 
0.367519 -- 0.504528 
0.604647 -- 0.453103 
0.465379 -- 0.501871 
0.459066 -- 0.483763 
0.161198 -- 0.456447 
0.529216 -- 0.515964 
0.232835 -- 0.470938 
0.268985 -- 0.453289 
0.404717 -- 0.492948 
0.234433 -- 0.472426 
0.68694 -- 0.510613 
0.612588 -- 0.516228 
0.472511 -- 0.481852 
0.771912 -- 0.45475 
0.767634 -- 0.454305 
0.529077 -- 0.453031 
0.840582 -- 0.490317 
0.304584 -- 0.462183 
0.375972 -- 0.459644 
0.706528 -- 0.498292 
0.192498 -- 0.471396 
0 -- 0.514113 
0.445856 -- 0.480448 
0.199522 -- 0.477261 
0.473098 -- 0.468751 
0.517121 -- 0.454723 
0.125798 -- 0.468034 
0.399047 -- 0.461282 
0.360765 -- 0.500084 
0.61931 -- 0.505322 
0.419672 -- 0.457578 
0.657247 -- 0.453001 
0.461055 -- 0.507126 
0.650546 -- 0.481035 
0.321302 -- 0.455091 
0.623597 -- 0.477823 
0.461309 -- 0.503647 
Finalizamos => Error de test final: 0.0379654
**********
SEMILLA 5
**********
1	0.0305954	0.0581439	0.0446716
2	0.0322823	0.0604189	0.0474121
3	0.0330694	0.0614214	0.0484798
4	0.0332014	0.0616798	0.048688
5	0.0329383	0.0615422	0.0484131
6	0.0326387	0.0613238	0.0480286
7	0.0324452	0.0611184	0.0476761
8	0.0322838	0.060879	0.0473041
9	0.032117	0.0606065	0.046889
10	0.0319544	0.0603322	0.0464511
11	0.0318038	0.0600807	0.0460331
12	0.0316602	0.0598554	0.0456652
13	0.0315169	0.0596488	0.0453568
14	0.0313814	0.0594676	0.0451184
15	0.0312659	0.0593285	0.0449598
16	0.0311735	0.0592382	0.0448797
17	0.0310995	0.059189	0.0448649
18	0.0310381	0.0591659	0.0448961
19	0.0309838	0.059152	0.0449527
20	0.0309301	0.0591305	0.045016
21	0.0308687	0.0590856	0.0450692
22	0.0307901	0.059005	0.0450949
23	0.0306923	0.0588884	0.0450777
24	0.0305893	0.0587543	0.0450191
25	0.0305004	0.058627	0.0449367
26	0.0304317	0.0585194	0.0448443
27	0.0303756	0.0584274	0.0447442
28	0.0303204	0.0583376	0.0446383
29	0.0302581	0.0582415	0.0445367
30	0.030187	0.0581406	0.0444547
31	0.0301083	0.0580423	0.0444043
32	0.0300238	0.057953	0.0443919
33	0.029935	0.0578745	0.0444178
34	0.029844	0.0578008	0.0444682
35	0.0297535	0.0577147	0.0445077
36	0.0296675	0.0575934	0.0444888
37	0.0295922	0.0574304	0.0443881
38	0.029534	0.0572581	0.044243
39	0.0294947	0.0571335	0.0441339
40	0.0294715	0.0570871	0.04411
41	0.0294601	0.0570935	0.0441405
42	0.029454	0.0571051	0.0441607
43	0.0294472	0.0570975	0.044139
44	0.0294384	0.0570704	0.0440808
45	0.0294284	0.0570313	0.0440027
46	0.0294183	0.0569863	0.043918
47	0.0294083	0.0569385	0.0438342
48	0.0293983	0.0568892	0.0437544
49	0.0293878	0.0568381	0.043679
50	0.0293766	0.0567847	0.0436074
51	0.0293644	0.0567284	0.0435388
52	0.029351	0.0566688	0.043472
53	0.0293365	0.0566058	0.0434064
54	0.0293211	0.0565399	0.0433411
55	0.0293052	0.0564724	0.0432756
56	0.0292896	0.0564055	0.0432087
57	0.0292754	0.0563412	0.0431384
58	0.0292643	0.0562806	0.0430632
59	0.0292574	0.0562247	0.0429862
60	0.0292548	0.056177	0.0429157
61	0.0292553	0.0561409	0.0428603
62	0.0292575	0.0561166	0.0428218
63	0.0292602	0.0561	0.0427956
64	0.0292623	0.0560837	0.0427732
65	0.0292622	0.0560559	0.0427426
66	0.0292566	0.0559986	0.0426871
67	0.0292414	0.0558943	0.0425907
68	0.0292163	0.0557502	0.0424581
69	0.0291901	0.0556042	0.042319
70	0.0291711	0.0554831	0.042197
71	0.0291595	0.0553894	0.042097
72	0.0291526	0.0553161	0.0420157
73	0.0291479	0.0552561	0.0419483
74	0.0291441	0.0552044	0.0418905
75	0.0291407	0.0551574	0.0418389
76	0.0291373	0.0551129	0.041791
77	0.0291337	0.055069	0.0417448
78	0.0291298	0.0550246	0.0416992
79	0.0291258	0.0549788	0.0416531
80	0.0291215	0.0549311	0.0416059
81	0.029117	0.0548809	0.0415571
82	0.0291125	0.0548281	0.0415065
83	0.0291078	0.0547728	0.0414543
84	0.0291032	0.0547153	0.041401
85	0.0290988	0.0546565	0.0413476
86	0.0290947	0.0545978	0.0412956
87	0.0290909	0.0545409	0.041247
88	0.0290876	0.0544882	0.0412041
89	0.0290849	0.0544418	0.0411689
90	0.0290828	0.0544037	0.041143
91	0.0290813	0.0543747	0.0411268
92	0.0290805	0.0543545	0.0411194
93	0.0290802	0.0543418	0.041119
94	0.0290805	0.0543347	0.0411232
95	0.0290811	0.0543311	0.0411298
96	0.0290819	0.0543293	0.0411368
97	0.0290829	0.0543281	0.0411432
98	0.0290837	0.0543266	0.0411484
99	0.0290844	0.0543245	0.0411522
100	0.0290848	0.0543215	0.0411547
101	0.0290849	0.0543176	0.0411559
102	0.0290845	0.0543128	0.0411561
103	0.0290836	0.0543071	0.0411553
104	0.0290823	0.0543004	0.0411538
105	0.0290804	0.0542927	0.0411514
106	0.0290779	0.054284	0.0411482
107	0.0290749	0.0542741	0.041144
108	0.0290714	0.0542627	0.0411385
109	0.0290672	0.0542494	0.0411312
110	0.0290624	0.0542336	0.0411217
111	0.029057	0.0542145	0.0411088
112	0.029051	0.0541908	0.0410914
113	0.0290443	0.0541604	0.0410673
114	0.0290369	0.0541208	0.0410341
115	0.0290288	0.0540681	0.0409881
116	0.0290201	0.0539977	0.0409255
117	0.0290109	0.0539049	0.0408424
118	0.0290014	0.0537871	0.0407379
119	0.0289916	0.0536474	0.0406165
120	0.0289816	0.0534958	0.0404889
121	0.0289709	0.0533465	0.0403685
122	0.0289593	0.0532115	0.0402654
123	0.0289466	0.0530964	0.0401833
124	0.0289331	0.0530012	0.0401207
125	0.0289191	0.0529229	0.0400737
126	0.028905	0.0528578	0.0400383
127	0.028891	0.0528025	0.0400113
128	0.0288772	0.0527546	0.0399901
129	0.0288638	0.0527119	0.0399728
130	0.0288506	0.0526731	0.0399583
131	0.0288377	0.0526371	0.0399456
132	0.0288252	0.0526032	0.0399341
133	0.0288128	0.0525706	0.0399234
134	0.0288007	0.0525391	0.0399132
135	0.0287888	0.0525082	0.0399032
136	0.028777	0.0524777	0.0398932
137	0.0287653	0.0524474	0.0398831
138	0.0287537	0.0524171	0.0398728
139	0.0287421	0.0523867	0.0398623
140	0.0287306	0.052356	0.0398514
141	0.0287191	0.052325	0.0398402
142	0.0287076	0.0522937	0.0398286
143	0.0286961	0.0522618	0.0398166
144	0.0286846	0.0522294	0.0398041
145	0.028673	0.0521965	0.0397912
146	0.0286613	0.0521629	0.0397778
147	0.0286496	0.0521287	0.0397639
148	0.0286377	0.0520937	0.0397495
149	0.0286258	0.0520581	0.0397346
150	0.0286138	0.0520217	0.0397191
151	0.0286017	0.0519845	0.0397032
152	0.0285894	0.0519465	0.0396866
153	0.028577	0.0519077	0.0396695
154	0.0285645	0.0518681	0.0396519
155	0.0285519	0.0518275	0.0396336
156	0.0285391	0.0517861	0.0396148
157	0.0285262	0.0517437	0.0395953
158	0.0285131	0.0517004	0.0395753
159	0.0284999	0.0516562	0.0395546
160	0.0284865	0.0516109	0.0395332
161	0.028473	0.0515647	0.0395113
162	0.0284593	0.0515174	0.0394886
163	0.0284455	0.0514691	0.0394653
164	0.0284315	0.0514198	0.0394412
165	0.0284173	0.0513694	0.0394165
166	0.0284031	0.0513179	0.039391
167	0.0283886	0.0512652	0.0393648
168	0.028374	0.0512115	0.0393379
169	0.0283593	0.0511565	0.0393101
170	0.0283444	0.0511004	0.0392816
171	0.0283293	0.0510431	0.0392523
172	0.0283141	0.0509845	0.0392221
173	0.0282988	0.0509246	0.039191
174	0.0282834	0.0508634	0.039159
175	0.0282678	0.0508008	0.039126
176	0.0282522	0.0507366	0.039092
177	0.0282364	0.0506709	0.0390567
178	0.0282206	0.0506035	0.0390202
179	0.0282048	0.0505341	0.0389822
180	0.028189	0.0504626	0.0389426
181	0.0281732	0.0503886	0.0389009
182	0.0281575	0.0503119	0.038857
183	0.028142	0.0502317	0.0388103
184	0.0281267	0.0501477	0.0387604
185	0.0281119	0.0500589	0.0387065
186	0.0280976	0.0499646	0.0386481
187	0.0280841	0.0498639	0.0385847
188	0.0280715	0.0497565	0.0385162
189	0.0280601	0.0496428	0.0384435
190	0.0280498	0.0495249	0.0383687
191	0.0280404	0.0494063	0.0382949
192	0.0280313	0.049291	0.0382253
193	0.0280219	0.0491822	0.0381619
194	0.0280114	0.0490808	0.038105
195	0.0279995	0.0489861	0.0380539
196	0.0279859	0.0488968	0.0380071
197	0.0279707	0.048811	0.0379635
198	0.027954	0.0487273	0.0379221
199	0.0279358	0.0486447	0.037882
200	0.0279163	0.0485623	0.0378429
201	0.0278956	0.0484794	0.0378043
202	0.0278737	0.0483958	0.0377659
203	0.0278508	0.0483111	0.0377276
204	0.0278268	0.048225	0.0376893
205	0.0278018	0.0481376	0.0376508
206	0.0277759	0.0480487	0.0376121
207	0.0277492	0.0479582	0.0375732
208	0.0277216	0.0478662	0.037534
209	0.0276933	0.0477727	0.0374945
210	0.0276641	0.0476777	0.0374546
211	0.0276343	0.0475812	0.0374145
212	0.0276038	0.0474832	0.0373741
213	0.0275727	0.0473839	0.0373334
214	0.0275409	0.0472833	0.0372924
215	0.0275087	0.0471815	0.0372512
216	0.0274759	0.0470785	0.0372097
217	0.0274426	0.0469743	0.037168
218	0.0274089	0.0468692	0.0371262
219	0.0273748	0.0467631	0.0370842
220	0.0273403	0.0466563	0.0370421
221	0.0273056	0.0465486	0.037
222	0.0272705	0.0464403	0.0369578
223	0.0272353	0.0463315	0.0369155
224	0.0271999	0.0462222	0.0368733
225	0.0271644	0.0461126	0.0368312
226	0.0271288	0.0460027	0.0367892
227	0.0270932	0.0458927	0.0367473
228	0.0270576	0.0457826	0.0367056
229	0.027022	0.0456725	0.0366641
230	0.0269865	0.0455625	0.0366228
231	0.0269512	0.0454527	0.0365817
232	0.026916	0.0453432	0.036541
233	0.0268811	0.0452339	0.0365005
234	0.0268463	0.045125	0.0364603
235	0.0268118	0.0450165	0.0364205
236	0.0267776	0.0449085	0.036381
237	0.0267437	0.044801	0.0363418
238	0.0267102	0.044694	0.036303
239	0.0266769	0.0445876	0.0362645
240	0.0266441	0.0444817	0.0362264
241	0.0266116	0.0443765	0.0361886
242	0.0265795	0.0442718	0.0361511
243	0.0265478	0.0441678	0.036114
244	0.0265165	0.0440645	0.0360771
245	0.0264856	0.0439619	0.0360406
246	0.0264552	0.0438599	0.0360044
247	0.0264252	0.0437586	0.0359684
248	0.0263956	0.0436581	0.0359327
249	0.0263665	0.0435583	0.0358973
250	0.0263379	0.0434592	0.0358621
251	0.0263097	0.0433608	0.0358271
252	0.0262819	0.0432632	0.0357924
253	0.0262546	0.0431664	0.0357579
254	0.0262278	0.0430704	0.0357236
255	0.0262015	0.0429751	0.0356895
256	0.0261756	0.0428807	0.0356555
257	0.0261502	0.042787	0.0356217
258	0.0261253	0.0426942	0.0355881
259	0.0261008	0.0426022	0.0355547
260	0.0260768	0.042511	0.0355214
261	0.0260533	0.0424206	0.0354882
262	0.0260303	0.0423311	0.0354552
263	0.0260077	0.0422425	0.0354224
264	0.0259856	0.0421547	0.0353896
265	0.0259639	0.0420677	0.0353571
266	0.0259427	0.0419816	0.0353246
267	0.025922	0.0418964	0.0352923
268	0.0259017	0.041812	0.0352601
269	0.0258819	0.0417285	0.035228
270	0.0258625	0.0416458	0.0351961
271	0.0258435	0.041564	0.0351643
272	0.0258249	0.0414831	0.0351327
273	0.0258068	0.041403	0.0351012
274	0.0257891	0.0413238	0.0350698
275	0.0257718	0.0412455	0.0350386
276	0.0257549	0.041168	0.0350076
277	0.0257385	0.0410913	0.0349766
278	0.0257224	0.0410155	0.0349459
279	0.0257067	0.0409406	0.0349153
280	0.0256913	0.0408664	0.0348848
281	0.0256764	0.0407931	0.0348545
282	0.0256618	0.0407206	0.0348244
283	0.0256475	0.0406489	0.0347944
284	0.0256336	0.0405779	0.0347645
285	0.0256201	0.0405078	0.0347349
286	0.0256068	0.0404384	0.0347053
287	0.0255939	0.0403698	0.0346759
288	0.0255814	0.040302	0.0346467
289	0.0255691	0.0402349	0.0346176
290	0.0255571	0.0401684	0.0345887
291	0.0255454	0.0401027	0.0345599
292	0.025534	0.0400377	0.0345312
293	0.0255229	0.0399734	0.0345027
294	0.0255121	0.0399097	0.0344743
295	0.0255015	0.0398466	0.034446
296	0.0254912	0.0397842	0.0344178
297	0.0254811	0.0397224	0.0343897
298	0.0254712	0.0396611	0.0343617
299	0.0254616	0.0396005	0.0343338
300	0.0254522	0.0395403	0.0343059
301	0.025443	0.0394807	0.0342782
302	0.0254341	0.0394216	0.0342504
303	0.0254253	0.039363	0.0342227
304	0.0254167	0.0393049	0.034195
305	0.0254083	0.0392472	0.0341674
306	0.0254001	0.0391899	0.0341397
307	0.0253921	0.0391331	0.034112
308	0.0253842	0.0390766	0.0340843
309	0.0253765	0.0390205	0.0340565
310	0.025369	0.0389647	0.0340287
311	0.0253616	0.0389092	0.0340007
312	0.0253544	0.038854	0.0339727
313	0.0253472	0.0387991	0.0339445
314	0.0253403	0.0387444	0.0339162
315	0.0253334	0.0386899	0.0338877
316	0.0253267	0.0386356	0.033859
317	0.02532	0.0385815	0.0338301
318	0.0253135	0.0385275	0.0338009
319	0.0253071	0.0384736	0.0337716
320	0.0253008	0.0384199	0.0337419
321	0.0252946	0.0383662	0.033712
322	0.0252885	0.0383126	0.0336818
323	0.0252825	0.038259	0.0336513
324	0.0252766	0.0382055	0.0336205
325	0.0252707	0.038152	0.0335895
326	0.0252649	0.0380986	0.0335581
327	0.0252593	0.0380452	0.0335265
328	0.0252536	0.0379919	0.0334947
329	0.0252481	0.0379386	0.0334626
330	0.0252427	0.0378854	0.0334304
331	0.0252373	0.0378324	0.033398
332	0.025232	0.0377795	0.0333656
333	0.0252267	0.0377268	0.0333332
334	0.0252216	0.0376744	0.0333009
335	0.0252165	0.0376223	0.0332686
336	0.0252114	0.0375706	0.0332366
337	0.0252065	0.0375193	0.0332047
338	0.0252016	0.0374685	0.0331732
339	0.0251968	0.0374182	0.0331421
340	0.025192	0.0373685	0.0331113
341	0.0251873	0.0373194	0.033081
342	0.0251827	0.0372709	0.0330512
343	0.0251782	0.0372231	0.0330218
344	0.0251736	0.037176	0.0329929
345	0.0251692	0.0371297	0.0329645
346	0.0251648	0.037084	0.0329366
347	0.0251605	0.037039	0.0329092
348	0.0251562	0.0369947	0.0328822
349	0.0251519	0.0369511	0.0328557
350	0.0251477	0.0369082	0.0328296
351	0.0251436	0.036866	0.0328039
352	0.0251394	0.0368244	0.0327786
353	0.0251354	0.0367833	0.0327537
354	0.0251313	0.0367429	0.032729
355	0.0251273	0.0367031	0.0327048
356	0.0251233	0.0366638	0.0326808
357	0.0251194	0.036625	0.032657
358	0.0251154	0.0365867	0.0326336
359	0.0251116	0.0365489	0.0326103
360	0.0251077	0.0365116	0.0325873
361	0.0251038	0.0364747	0.0325645
362	0.0251	0.0364382	0.0325419
363	0.0250962	0.0364022	0.0325195
364	0.0250925	0.0363665	0.0324972
365	0.0250887	0.0363312	0.0324751
366	0.025085	0.0362963	0.0324531
367	0.0250812	0.0362617	0.0324313
368	0.0250775	0.0362275	0.0324096
369	0.0250739	0.0361936	0.0323881
370	0.0250702	0.03616	0.0323667
371	0.0250665	0.0361267	0.0323453
372	0.0250629	0.0360937	0.0323241
373	0.0250592	0.0360611	0.032303
374	0.0250556	0.0360287	0.032282
375	0.025052	0.0359966	0.0322611
376	0.0250484	0.0359647	0.0322402
377	0.0250448	0.0359331	0.0322195
378	0.0250412	0.0359018	0.0321988
379	0.0250377	0.0358708	0.0321782
380	0.0250341	0.0358399	0.0321577
381	0.0250306	0.0358094	0.0321372
382	0.025027	0.035779	0.0321168
383	0.0250235	0.0357489	0.0320965
384	0.0250199	0.035719	0.0320762
385	0.0250164	0.0356893	0.032056
386	0.0250129	0.0356598	0.0320358
387	0.0250094	0.0356306	0.0320156
388	0.0250059	0.0356015	0.0319955
389	0.0250024	0.0355726	0.0319755
390	0.0249989	0.0355439	0.0319554
391	0.0249954	0.0355154	0.0319354
392	0.0249919	0.0354871	0.0319155
393	0.0249884	0.0354589	0.0318955
394	0.0249849	0.035431	0.0318756
395	0.0249814	0.0354032	0.0318557
396	0.0249779	0.0353755	0.0318358
397	0.0249745	0.035348	0.0318159
398	0.024971	0.0353207	0.031796
399	0.0249675	0.0352935	0.0317761
400	0.024964	0.0352664	0.0317562
401	0.0249606	0.0352395	0.0317363
402	0.0249571	0.0352127	0.0317164
403	0.0249536	0.035186	0.0316965
404	0.0249502	0.0351595	0.0316766
405	0.0249467	0.0351331	0.0316567
406	0.0249433	0.0351068	0.0316368
407	0.0249398	0.0350806	0.0316168
408	0.0249364	0.0350545	0.0315968
409	0.0249329	0.0350286	0.0315768
410	0.0249295	0.0350027	0.0315568
411	0.024926	0.0349769	0.0315367
412	0.0249226	0.0349513	0.0315166
413	0.0249191	0.0349257	0.0314965
414	0.0249157	0.0349002	0.0314763
415	0.0249123	0.0348748	0.0314561
416	0.0249088	0.0348495	0.0314359
417	0.0249054	0.0348243	0.0314156
418	0.024902	0.0347991	0.0313953
419	0.0248985	0.034774	0.0313749
420	0.0248951	0.034749	0.0313545
421	0.0248917	0.0347241	0.0313341
422	0.0248883	0.0346992	0.0313136
423	0.0248848	0.0346744	0.0312931
424	0.0248814	0.0346497	0.0312725
425	0.024878	0.0346251	0.0312519
426	0.0248746	0.0346005	0.0312312
427	0.0248712	0.0345759	0.0312105
428	0.0248678	0.0345515	0.0311897
429	0.0248644	0.034527	0.031169
430	0.024861	0.0345027	0.0311481
431	0.0248576	0.0344784	0.0311272
432	0.0248542	0.0344542	0.0311063
433	0.0248508	0.03443	0.0310854
434	0.0248474	0.0344059	0.0310644
435	0.0248441	0.0343818	0.0310433
436	0.0248407	0.0343578	0.0310222
437	0.0248373	0.0343338	0.0310011
438	0.024834	0.0343099	0.03098
439	0.0248306	0.034286	0.0309588
440	0.0248272	0.0342622	0.0309376
441	0.0248239	0.0342385	0.0309163
442	0.0248205	0.0342148	0.030895
443	0.0248172	0.0341911	0.0308737
444	0.0248138	0.0341675	0.0308524
445	0.0248105	0.034144	0.030831
446	0.0248072	0.0341205	0.0308096
447	0.0248038	0.034097	0.0307882
448	0.0248005	0.0340737	0.0307667
449	0.0247972	0.0340503	0.0307452
450	0.0247939	0.034027	0.0307237
451	0.0247906	0.0340038	0.0307022
452	0.0247873	0.0339806	0.0306806
453	0.024784	0.0339574	0.0306591
454	0.0247807	0.0339343	0.0306375
455	0.0247774	0.0339112	0.0306159
456	0.0247741	0.0338882	0.0305943
457	0.0247708	0.0338653	0.0305726
458	0.0247675	0.0338423	0.030551
459	0.0247642	0.0338195	0.0305293
460	0.0247609	0.0337966	0.0305076
461	0.0247577	0.0337738	0.0304859
462	0.0247544	0.0337511	0.0304642
463	0.0247511	0.0337284	0.0304424
464	0.0247479	0.0337057	0.0304207
465	0.0247446	0.0336831	0.0303989
466	0.0247413	0.0336605	0.0303771
467	0.0247381	0.033638	0.0303553
468	0.0247348	0.0336154	0.0303335
469	0.0247316	0.033593	0.0303117
470	0.0247283	0.0335705	0.0302899
471	0.024725	0.0335481	0.030268
472	0.0247218	0.0335258	0.0302462
473	0.0247186	0.0335034	0.0302243
474	0.0247153	0.0334811	0.0302024
475	0.0247121	0.0334589	0.0301805
476	0.0247088	0.0334366	0.0301586
477	0.0247056	0.0334144	0.0301367
478	0.0247023	0.0333922	0.0301148
479	0.0246991	0.0333701	0.0300928
480	0.0246959	0.0333479	0.0300709
481	0.0246926	0.0333258	0.0300489
482	0.0246894	0.0333037	0.0300269
483	0.0246862	0.0332817	0.0300049
484	0.024683	0.0332596	0.0299829
485	0.0246797	0.0332376	0.0299609
486	0.0246765	0.0332156	0.0299388
487	0.0246733	0.0331936	0.0299168
488	0.0246701	0.0331716	0.0298947
489	0.0246669	0.0331497	0.0298726
490	0.0246637	0.0331277	0.0298505
491	0.0246605	0.0331058	0.0298284
492	0.0246573	0.0330838	0.0298062
493	0.0246541	0.0330619	0.0297841
494	0.0246509	0.03304	0.0297619
495	0.0246477	0.0330181	0.0297398
496	0.0246445	0.0329962	0.0297176
497	0.0246413	0.0329743	0.0296954
498	0.0246382	0.0329524	0.0296731
499	0.024635	0.0329305	0.0296509
500	0.0246318	0.0329086	0.0296286
501	0.0246287	0.0328867	0.0296063
502	0.0246256	0.0328648	0.029584
503	0.0246224	0.0328429	0.0295617
504	0.0246193	0.032821	0.0295394
505	0.0246162	0.032799	0.0295171
506	0.0246131	0.0327771	0.0294947
507	0.02461	0.0327552	0.0294723
508	0.024607	0.0327332	0.0294499
509	0.0246039	0.0327112	0.0294275
510	0.0246009	0.0326892	0.029405
511	0.0245979	0.0326672	0.0293826
512	0.0245949	0.0326452	0.0293601
513	0.0245919	0.0326231	0.0293376
514	0.0245889	0.032601	0.0293151
515	0.024586	0.0325789	0.0292926
516	0.0245831	0.0325567	0.02927
517	0.0245802	0.0325345	0.0292474
518	0.0245773	0.0325123	0.0292248
519	0.0245745	0.03249	0.0292022
520	0.0245717	0.0324677	0.0291796
521	0.024569	0.0324453	0.0291569
522	0.0245662	0.0324229	0.0291342
523	0.0245636	0.0324005	0.0291115
524	0.0245609	0.0323779	0.0290888
525	0.0245584	0.0323553	0.029066
526	0.0245558	0.0323327	0.0290433
527	0.0245533	0.0323099	0.0290205
528	0.0245509	0.0322871	0.0289976
529	0.0245486	0.0322642	0.0289748
530	0.0245463	0.0322412	0.0289519
531	0.0245441	0.0322181	0.028929
532	0.024542	0.0321949	0.0289061
533	0.0245399	0.0321716	0.0288832
534	0.024538	0.0321482	0.0288603
535	0.0245361	0.0321246	0.0288373
536	0.0245344	0.0321009	0.0288143
537	0.0245329	0.0320771	0.0287914
538	0.0245314	0.0320531	0.0287684
539	0.0245301	0.0320289	0.0287455
540	0.024529	0.0320046	0.0287226
541	0.0245281	0.03198	0.0286997
542	0.0245274	0.0319553	0.0286769
543	0.024527	0.0319304	0.0286542
544	0.0245268	0.0319052	0.0286316
545	0.024527	0.0318799	0.0286093
546	0.0245275	0.0318543	0.0285872
547	0.0245285	0.0318285	0.0285654
548	0.0245299	0.0318026	0.0285442
549	0.024532	0.0317766	0.0285236
550	0.0245349	0.0317506	0.028504
551	0.0245386	0.0317248	0.0284857
552	0.0245436	0.0316996	0.0284692
553	0.02455	0.0316754	0.0284555
554	0.0245585	0.0316533	0.0284456
555	0.0245697	0.0316349	0.0284414
556	0.0245847	0.031623	0.0284458
557	0.0246048	0.0316227	0.0284628
558	0.024632	0.031642	0.0284975
559	0.0246675	0.0316925	0.0285543
560	0.0247104	0.0317842	0.0286304
561	0.0247538	0.0319127	0.0287056
562	0.0247853	0.0320459	0.0287451
563	0.0247959	0.0321423	0.028728
564	0.0247886	0.0321845	0.0286657
565	0.0247726	0.0321818	0.0285843
566	0.024755	0.0321508	0.0285022
567	0.024739	0.0321043	0.0284268
568	0.0247254	0.0320497	0.0283596
569	0.0247139	0.0319913	0.0282997
570	0.0247041	0.0319316	0.0282456
571	0.0246957	0.0318719	0.0281963
572	0.0246881	0.0318133	0.0281508
573	0.0246812	0.031756	0.0281082
574	0.0246747	0.0317004	0.0280681
575	0.0246684	0.0316465	0.02803
576	0.0246622	0.0315942	0.0279933
577	0.024656	0.0315435	0.0279578
578	0.0246498	0.031494	0.0279232
579	0.0246434	0.0314458	0.0278894
580	0.0246369	0.0313986	0.0278561
581	0.0246301	0.0313524	0.0278232
582	0.0246231	0.0313069	0.0277907
583	0.0246159	0.0312621	0.0277585
584	0.0246084	0.0312178	0.0277266
585	0.0246007	0.0311741	0.0276949
586	0.0245928	0.0311307	0.0276634
587	0.0245847	0.0310876	0.0276321
588	0.0245764	0.0310449	0.027601
589	0.0245679	0.0310025	0.0275701
590	0.0245594	0.0309603	0.0275394
591	0.0245507	0.0309183	0.0275089
592	0.024542	0.0308766	0.0274787
593	0.0245332	0.0308352	0.0274487
594	0.0245243	0.030794	0.0274189
595	0.0245155	0.0307531	0.0273894
596	0.0245066	0.0307125	0.0273602
597	0.0244977	0.0306722	0.0273312
598	0.0244888	0.0306323	0.0273025
599	0.0244799	0.0305927	0.0272742
600	0.0244709	0.0305534	0.0272461
601	0.024462	0.0305145	0.0272183
602	0.0244531	0.030476	0.0271908
603	0.0244442	0.0304379	0.0271636
604	0.0244353	0.0304002	0.0271367
605	0.0244264	0.0303628	0.0271101
606	0.0244175	0.0303259	0.0270838
607	0.0244086	0.0302893	0.0270578
608	0.0243996	0.0302531	0.0270321
609	0.0243906	0.0302173	0.0270067
610	0.0243816	0.0301818	0.0269815
611	0.0243725	0.0301467	0.0269566
612	0.0243634	0.030112	0.0269319
613	0.0243542	0.0300776	0.0269075
614	0.024345	0.0300436	0.0268833
615	0.0243356	0.0300099	0.0268593
616	0.0243262	0.0299764	0.0268355
617	0.0243166	0.0299433	0.0268119
618	0.0243068	0.0299105	0.0267884
619	0.0242969	0.0298779	0.0267651
620	0.0242867	0.0298456	0.0267419
621	0.0242764	0.0298135	0.0267189
622	0.0242657	0.0297816	0.0266959
623	0.0242546	0.0297498	0.0266729
624	0.0242432	0.0297183	0.02665
625	0.0242312	0.0296868	0.026627
626	0.0242187	0.0296554	0.026604
627	0.0242054	0.0296241	0.0265808
628	0.0241913	0.0295928	0.0265575
629	0.0241761	0.0295614	0.0265339
630	0.0241597	0.0295299	0.0265099
631	0.0241417	0.0294982	0.0264855
632	0.024122	0.0294662	0.0264604
633	0.0241	0.0294337	0.0264346
634	0.0240755	0.0294007	0.0264079
635	0.0240479	0.0293671	0.0263801
636	0.0240168	0.0293328	0.026351
637	0.0239816	0.0292977	0.0263206
638	0.0239418	0.029262	0.0262887
639	0.0238968	0.0292259	0.0262554
640	0.0238462	0.0291896	0.0262206
641	0.0237901	0.0291536	0.0261843
642	0.0237292	0.0291178	0.0261465
643	0.0236654	0.0290819	0.0261069
644	0.0236008	0.0290447	0.0260653
645	0.0235369	0.0290048	0.0260211
646	0.0234743	0.0289606	0.0259743
647	0.0234118	0.0289113	0.0259246
648	0.0233478	0.0288568	0.0258719
649	0.023281	0.0287973	0.0258159
650	0.0232098	0.0287331	0.0257564
651	0.0231335	0.0286645	0.0256932
652	0.0230513	0.0285916	0.0256263
653	0.0229625	0.0285144	0.0255554
654	0.0228669	0.028433	0.0254804
655	0.0227639	0.028347	0.0254012
656	0.0226535	0.0282565	0.0253177
657	0.0225355	0.0281612	0.0252299
658	0.0224098	0.028061	0.0251377
659	0.0222767	0.0279558	0.0250412
660	0.0221364	0.0278456	0.0249405
661	0.021989	0.0277303	0.0248358
662	0.0218351	0.0276101	0.0247274
663	0.0216751	0.0274849	0.0246155
664	0.0215097	0.0273551	0.0245005
665	0.0213394	0.0272208	0.0243827
666	0.0211648	0.0270823	0.0242625
667	0.0209868	0.0269398	0.0241403
668	0.020806	0.0267936	0.0240165
669	0.0206231	0.0266441	0.0238914
670	0.0204388	0.0264917	0.0237654
671	0.0202537	0.0263366	0.0236389
672	0.0200684	0.0261792	0.0235121
673	0.0198835	0.02602	0.0233855
674	0.0196995	0.0258593	0.0232592
675	0.0195168	0.0256975	0.0231336
676	0.0193358	0.025535	0.023009
677	0.019157	0.0253722	0.0228855
678	0.0189806	0.0252094	0.0227634
679	0.018807	0.0250471	0.022643
680	0.0186364	0.0248856	0.0225244
681	0.018469	0.0247252	0.0224077
682	0.018305	0.0245663	0.0222932
683	0.0181446	0.0244091	0.0221811
684	0.0179879	0.0242539	0.0220713
685	0.0178351	0.024101	0.021964
686	0.0176862	0.0239507	0.0218593
687	0.0175414	0.023803	0.0217574
688	0.0174006	0.0236582	0.0216581
689	0.0172641	0.0235164	0.0215616
690	0.0171317	0.0233778	0.0214679
691	0.0170035	0.0232425	0.021377
692	0.0168795	0.0231105	0.0212889
693	0.0167597	0.022982	0.0212037
694	0.016644	0.022857	0.0211211
695	0.0165325	0.0227356	0.0210414
696	0.0164251	0.0226177	0.0209644
697	0.0163217	0.0225034	0.02089
698	0.0162224	0.0223928	0.0208183
699	0.0161269	0.0222857	0.0207492
700	0.0160352	0.0221822	0.0206826
701	0.0159473	0.0220822	0.0206186
702	0.0158631	0.0219858	0.0205569
703	0.0157824	0.0218928	0.0204976
704	0.0157052	0.0218032	0.0204406
705	0.0156314	0.0217169	0.0203858
706	0.0155608	0.0216339	0.0203331
707	0.0154934	0.0215539	0.0202825
708	0.0154291	0.021477	0.0202339
709	0.0153677	0.0214031	0.0201872
710	0.0153091	0.0213318	0.0201423
711	0.0152533	0.0212632	0.0200992
712	0.0152001	0.0211971	0.0200576
713	0.0151494	0.0211333	0.0200176
714	0.0151011	0.0210716	0.0199791
715	0.0150551	0.0210119	0.0199418
716	0.0150112	0.0209539	0.0199058
717	0.0149694	0.0208976	0.019871
718	0.0149295	0.0208427	0.0198372
719	0.0148915	0.020789	0.0198043
720	0.0148553	0.0207364	0.0197723
721	0.0148206	0.0206847	0.0197411
722	0.0147876	0.0206338	0.0197107
723	0.014756	0.0205837	0.0196809
724	0.0147257	0.0205341	0.0196518
725	0.0146967	0.0204851	0.0196233
726	0.014669	0.0204365	0.0195954
727	0.0146424	0.0203884	0.019568
728	0.0146169	0.0203408	0.0195413
729	0.0145924	0.0202935	0.019515
730	0.0145688	0.0202468	0.0194894
731	0.0145462	0.0202005	0.0194644
732	0.0145244	0.0201548	0.01944
733	0.0145035	0.0201096	0.0194162
734	0.0144834	0.0200651	0.0193931
735	0.0144641	0.0200213	0.0193707
736	0.0144454	0.0199782	0.0193489
737	0.0144275	0.0199359	0.0193278
738	0.0144103	0.0198944	0.0193075
739	0.0143937	0.0198538	0.0192878
740	0.0143778	0.019814	0.0192688
741	0.0143625	0.0197752	0.0192505
742	0.0143478	0.0197374	0.0192329
743	0.0143336	0.0197004	0.019216
744	0.01432	0.0196645	0.0191997
745	0.014307	0.0196294	0.0191841
746	0.0142944	0.0195954	0.0191691
747	0.0142824	0.0195622	0.0191548
748	0.0142708	0.01953	0.019141
749	0.0142597	0.0194988	0.0191278
750	0.014249	0.0194684	0.0191151
751	0.0142388	0.0194389	0.019103
752	0.014229	0.0194103	0.0190914
753	0.0142196	0.0193825	0.0190802
754	0.0142106	0.0193555	0.0190696
755	0.0142019	0.0193293	0.0190594
756	0.0141936	0.0193039	0.0190496
757	0.0141857	0.0192792	0.0190403
758	0.014178	0.0192553	0.0190313
759	0.0141707	0.019232	0.0190227
760	0.0141637	0.0192094	0.0190145
761	0.0141569	0.0191874	0.0190067
762	0.0141505	0.019166	0.0189991
763	0.0141443	0.0191453	0.018992
764	0.0141384	0.019125	0.0189851
765	0.0141327	0.0191053	0.0189785
766	0.0141272	0.0190861	0.0189722
767	0.014122	0.0190673	0.0189662
768	0.014117	0.019049	0.0189605
769	0.0141122	0.0190311	0.0189551
770	0.0141076	0.0190135	0.0189499
771	0.0141032	0.0189962	0.018945
772	0.0140989	0.0189792	0.0189404
773	0.0140948	0.0189624	0.018936
774	0.0140909	0.0189457	0.0189319
775	0.0140871	0.0189292	0.0189281
776	0.0140835	0.0189128	0.0189245
777	0.01408	0.0188964	0.0189213
778	0.0140766	0.0188799	0.0189183
779	0.0140733	0.0188633	0.0189157
780	0.0140701	0.0188465	0.0189135
781	0.014067	0.0188294	0.0189116
782	0.014064	0.018812	0.0189102
783	0.014061	0.0187941	0.0189092
784	0.014058	0.0187759	0.0189087
785	0.0140551	0.018757	0.0189089
786	0.0140521	0.0187376	0.0189097
787	0.0140492	0.0187175	0.0189112
788	0.0140463	0.0186968	0.0189137
789	0.0140433	0.0186752	0.0189171
790	0.0140403	0.018653	0.0189216
791	0.0140372	0.0186299	0.0189274
792	0.0140341	0.018606	0.0189346
793	0.014031	0.0185812	0.0189436
794	0.0140278	0.0185556	0.0189546
795	0.0140246	0.018529	0.0189679
796	0.0140213	0.0185014	0.018984
797	0.0140182	0.0184728	0.0190033
798	0.0140151	0.018443	0.0190265
799	0.0140121	0.018412	0.0190542
800	0.0140095	0.0183797	0.0190875
801	0.0140073	0.0183459	0.0191272
802	0.0140055	0.0183106	0.0191743
803	0.0140042	0.0182738	0.0192295
804	0.0140031	0.0182357	0.019293
805	0.0140015	0.0181968	0.0193638
806	0.0139983	0.0181578	0.0194396
807	0.0139925	0.01812	0.0195165
808	0.0139836	0.0180847	0.0195897
809	0.0139723	0.0180533	0.0196549
810	0.0139597	0.0180266	0.0197089
811	0.0139471	0.0180046	0.0197506
812	0.013935	0.0179869	0.0197802
813	0.0139239	0.0179728	0.0197993
814	0.0139135	0.0179619	0.0198094
815	0.0139035	0.0179537	0.019812
816	0.0138937	0.0179482	0.019808
817	0.0138835	0.0179459	0.0197978
818	0.0138724	0.0179478	0.0197813
819	0.01386	0.0179561	0.0197578
820	0.0138462	0.0179747	0.0197267
821	0.0138313	0.0180093	0.0196893
822	0.0138176	0.0180659	0.0196508
823	0.0138063	0.018144	0.0196186
824	0.0137934	0.0182298	0.019592
825	0.0137748	0.0183003	0.0195623
826	0.0137551	0.0183406	0.0195259
827	0.0137402	0.0183532	0.0194854
828	0.0137315	0.0183481	0.0194446
829	0.0137279	0.0183339	0.0194061
830	0.0137277	0.0183159	0.019371
831	0.0137295	0.0182969	0.0193397
832	0.0137326	0.0182784	0.019312
833	0.0137364	0.0182612	0.0192877
834	0.0137405	0.0182455	0.0192663
835	0.0137447	0.0182314	0.0192475
836	0.0137487	0.018219	0.0192311
837	0.0137526	0.018208	0.0192166
838	0.0137563	0.0181984	0.019204
839	0.0137597	0.01819	0.0191929
840	0.0137629	0.0181828	0.0191832
841	0.0137659	0.0181765	0.0191747
842	0.0137686	0.0181711	0.0191673
843	0.013771	0.0181665	0.0191608
844	0.0137733	0.0181625	0.0191552
845	0.0137753	0.0181591	0.0191504
846	0.0137772	0.0181561	0.0191463
847	0.013779	0.0181535	0.0191428
848	0.0137805	0.0181513	0.0191398
849	0.013782	0.0181493	0.0191374
850	0.0137834	0.0181475	0.0191354
851	0.0137846	0.0181459	0.0191339
852	0.0137858	0.0181443	0.0191327
853	0.013787	0.0181428	0.019132
854	0.0137881	0.0181413	0.0191315
855	0.0137892	0.0181398	0.0191314
856	0.0137903	0.0181381	0.0191316
857	0.0137914	0.0181364	0.0191321
858	0.0137926	0.0181344	0.0191328
859	0.0137938	0.0181323	0.0191339
860	0.0137951	0.0181298	0.0191352
861	0.0137965	0.0181271	0.0191368
862	0.0137981	0.018124	0.0191387
863	0.0137998	0.0181205	0.0191409
864	0.0138018	0.0181165	0.0191434
865	0.013804	0.0181119	0.0191463
866	0.0138067	0.0181067	0.0191495
867	0.0138097	0.0181007	0.0191533
Salida porque no mejora el entrenamiento!!
PESOS DE LA RED
===============
Salida Esperada Vs Salida Obtenida (test)
=========================================
0.430996 -- 0.675696 
0.40083 -- 0.505448 
0.191116 -- 0.302912 
0.366144 -- 0.321215 
0.367519 -- 0.408073 
0.604647 -- 0.560184 
0.465379 -- 0.458664 
0.459066 -- 0.488942 
0.161198 -- 0.273504 
0.529216 -- 0.2951 
0.232835 -- 0.328179 
0.268985 -- 0.398878 
0.404717 -- 0.62193 
0.234433 -- 0.360912 
0.68694 -- 0.553088 
0.612588 -- 0.475335 
0.472511 -- 0.594184 
0.771912 -- 0.684866 
0.767634 -- 0.665872 
0.529077 -- 0.543535 
0.840582 -- 0.645582 
0.304584 -- 0.258318 
0.375972 -- 0.254816 
0.706528 -- 0.532032 
0.192498 -- 0.335544 
0 -- 0.299545 
0.445856 -- 0.45181 
0.199522 -- 0.411489 
0.473098 -- 0.287754 
0.517121 -- 0.310068 
0.125798 -- 0.276457 
0.399047 -- 0.255841 
0.360765 -- 0.495281 
0.61931 -- 0.576236 
0.419672 -- 0.262461 
0.657247 -- 0.453262 
0.461055 -- 0.366202 
0.650546 -- 0.578361 
0.321302 -- 0.299104 
0.623597 -- 0.501896 
0.461309 -- 0.424112 
Finalizamos => Error de test final: 0.019371
HEMOS TERMINADO TODAS LAS SEMILLAS
INFORME FINAL
*************
Error de entrenamiento (Media +- DT): 0.0249573 +- 0.0131248
Error de test (Media +- DT):          0.0326882 +- 0.0158658
