**********
SEMILLA 1
**********
1	0.0314599	0.0232685	0.0365796
2	0.0312724	0.0236391	0.0364745
3	0.03068	0.0241497	0.036256
4	0.0303734	0.0240455	0.0362158
5	0.0300848	0.0235955	0.0363716
6	0.0298276	0.0232726	0.0365549
7	0.0296515	0.0231542	0.0367692
8	0.0295688	0.0231662	0.0370378
9	0.0295729	0.023273	0.0373012
10	0.0295803	0.0232493	0.0374571
11	0.0294898	0.0230454	0.0374648
12	0.0293565	0.0228934	0.0374213
13	0.0292761	0.022852	0.0374009
14	0.0292548	0.0228582	0.0374139
15	0.0292594	0.0228787	0.037444
16	0.0292696	0.022912	0.0374678
17	0.0292798	0.0229592	0.0374703
18	0.029288	0.0230104	0.0374532
19	0.0292917	0.0230552	0.0374256
20	0.0292901	0.0230886	0.0373944
21	0.0292831	0.0231096	0.0373627
22	0.0292715	0.0231181	0.0373317
23	0.0292558	0.0231145	0.0373017
24	0.0292365	0.023099	0.0372727
25	0.0292142	0.0230716	0.0372453
26	0.0291895	0.0230323	0.0372198
27	0.0291629	0.0229812	0.037197
28	0.0291352	0.0229184	0.0371777
29	0.029107	0.0228444	0.0371626
30	0.0290789	0.02276	0.0371522
31	0.0290516	0.0226659	0.0371471
32	0.0290253	0.0225633	0.0371472
33	0.0290004	0.0224531	0.0371524
34	0.0289769	0.0223362	0.0371621
35	0.0289546	0.0222136	0.0371756
36	0.0289332	0.0220861	0.0371921
37	0.0289126	0.0219545	0.0372107
38	0.0288923	0.0218196	0.0372305
39	0.028872	0.0216822	0.0372505
40	0.0288514	0.0215432	0.03727
41	0.0288304	0.0214032	0.0372882
42	0.0288086	0.0212633	0.0373042
43	0.028786	0.0211243	0.0373173
44	0.0287622	0.0209872	0.0373267
45	0.0287372	0.0208529	0.0373316
46	0.0287108	0.0207225	0.0373311
47	0.0286826	0.0205967	0.0373246
48	0.0286525	0.0204761	0.0373111
49	0.0286202	0.020361	0.0372901
50	0.0285855	0.0202515	0.0372609
51	0.0285481	0.0201473	0.0372234
52	0.0285081	0.0200479	0.0371775
53	0.0284657	0.0199526	0.0371241
54	0.0284211	0.0198604	0.0370646
55	0.0283751	0.0197705	0.037001
56	0.0283283	0.0196815	0.0369364
57	0.0282819	0.0195922	0.0368746
58	0.0282369	0.019501	0.0368197
59	0.0281947	0.019406	0.0367767
60	0.0281569	0.0193049	0.0367504
61	0.0281261	0.0191952	0.0367451
62	0.0281059	0.0190754	0.0367606
63	0.0281023	0.0189462	0.0367891
64	0.0281266	0.018801	0.036839
65	0.0281943	0.0186449	0.0369874
66	0.0282392	0.0185842	0.0371342
67	0.0281836	0.0185704	0.0370496
68	0.0281072	0.0185463	0.0368965
69	0.0280348	0.0185101	0.0367451
70	0.0279618	0.0184671	0.0365973
71	0.0278839	0.0184233	0.0364476
72	0.0277996	0.0183819	0.0362929
73	0.027708	0.018345	0.036132
74	0.0276088	0.0183136	0.0359646
75	0.0275018	0.0182887	0.0357906
76	0.027387	0.0182712	0.03561
77	0.0272645	0.0182619	0.0354225
78	0.0271348	0.018262	0.0352271
79	0.0269991	0.0182729	0.0350224
80	0.02686	0.0182959	0.0348065
81	0.0267224	0.0183313	0.0345788
82	0.0265923	0.0183764	0.0343434
83	0.0264741	0.0184243	0.0341113
84	0.0263676	0.0184675	0.0338944
85	0.0262707	0.0185024	0.0336978
86	0.026181	0.0185291	0.0335207
87	0.0260974	0.0185494	0.0333598
88	0.026019	0.0185651	0.0332123
89	0.0259455	0.0185775	0.0330761
90	0.0258765	0.0185876	0.0329499
91	0.0258116	0.018596	0.0328327
92	0.0257507	0.0186033	0.0327236
93	0.0256935	0.0186097	0.0326219
94	0.0256397	0.0186154	0.0325271
95	0.0255891	0.0186207	0.0324386
96	0.0255416	0.0186257	0.032356
97	0.0254968	0.0186303	0.0322788
98	0.0254547	0.0186347	0.0322066
99	0.025415	0.0186389	0.0321389
100	0.0253776	0.0186429	0.0320756
101	0.0253423	0.0186467	0.0320162
102	0.0253089	0.0186504	0.0319604
103	0.0252774	0.0186538	0.031908
104	0.0252476	0.0186571	0.0318587
105	0.0252193	0.0186601	0.0318122
106	0.0251925	0.0186629	0.0317685
107	0.025167	0.0186655	0.0317272
108	0.0251429	0.0186679	0.0316882
109	0.0251198	0.0186701	0.0316513
110	0.0250979	0.018672	0.0316164
111	0.0250769	0.0186737	0.0315834
112	0.0250569	0.0186752	0.0315521
113	0.0250378	0.0186764	0.0315224
114	0.0250194	0.0186774	0.0314942
115	0.0250018	0.0186782	0.0314674
116	0.0249848	0.0186787	0.0314419
117	0.0249685	0.018679	0.0314177
118	0.0249527	0.0186791	0.0313946
119	0.0249375	0.0186789	0.0313727
120	0.0249228	0.0186786	0.0313518
121	0.0249085	0.018678	0.0313319
122	0.0248947	0.0186772	0.0313128
123	0.0248812	0.0186762	0.0312947
124	0.0248681	0.018675	0.0312773
125	0.0248553	0.0186736	0.0312607
126	0.0248428	0.0186721	0.0312448
127	0.0248305	0.0186703	0.0312295
Salida porque no mejora el entrenamiento!!
PESOS DE LA RED
===============
Salida Esperada Vs Salida Obtenida (test)
=========================================
0.430996 -- 0.444747 
0.40083 -- 0.445503 
0.191116 -- 0.463238 
0.366144 -- 0.453748 
0.367519 -- 0.492761 
0.604647 -- 0.443909 
0.465379 -- 0.507928 
0.459066 -- 0.445362 
0.161198 -- 0.443388 
0.529216 -- 0.458597 
0.232835 -- 0.356153 
0.268985 -- 0.443435 
0.404717 -- 0.573465 
0.234433 -- 0.38773 
0.68694 -- 0.448338 
0.612588 -- 0.449774 
0.472511 -- 0.56213 
0.771912 -- 0.44486 
0.767634 -- 0.444638 
0.529077 -- 0.443838 
0.840582 -- 0.587296 
0.304584 -- 0.443728 
0.375972 -- 0.443561 
0.706528 -- 0.533349 
0.192498 -- 0.444395 
0 -- 0.461893 
0.445856 -- 0.445094 
0.199522 -- 0.444843 
0.473098 -- 0.312981 
0.517121 -- 0.443344 
0.125798 -- 0.299882 
0.399047 -- 0.443667 
0.360765 -- 0.520014 
0.61931 -- 0.447518 
0.419672 -- 0.443441 
0.657247 -- 0.44355 
0.461055 -- 0.481163 
0.650546 -- 0.552383 
0.321302 -- 0.443347 
0.623597 -- 0.501347 
0.461309 -- 0.497407 
Finalizamos => Error de test final: 0.0312295
**********
SEMILLA 2
**********
1	0.0350153	0.0332519	0.0422202
2	0.0342897	0.0318442	0.0402373
3	0.0333856	0.0313269	0.0401243
4	0.0321142	0.030607	0.0390948
5	0.0314732	0.0305932	0.0384736
6	0.031528	0.0307078	0.0384951
7	0.0314752	0.0307135	0.0384605
8	0.0313813	0.030672	0.0383332
9	0.0312399	0.0306163	0.038252
10	0.0311949	0.0306086	0.0383353
11	0.0311993	0.0306205	0.0384863
12	0.0312	0.0306266	0.0386234
13	0.0311812	0.0306197	0.0387126
14	0.0311522	0.030605	0.0387589
15	0.0311258	0.03059	0.0387822
16	0.0311082	0.0305791	0.0387992
17	0.0311002	0.0305735	0.03882
18	0.0311006	0.0305736	0.0388517
19	0.0311086	0.0305794	0.0389022
20	0.0311241	0.0305877	0.0389829
21	0.0311435	0.0305831	0.0390968
22	0.0311415	0.0305312	0.0391849
23	0.0310676	0.0304278	0.0391256
24	0.0309301	0.0303227	0.0389237
25	0.0307938	0.0302457	0.0386875
26	0.0306903	0.0301955	0.0384858
27	0.0306195	0.0301632	0.0383386
28	0.0305725	0.0301413	0.0382438
29	0.0305408	0.0301248	0.038193
30	0.0305179	0.0301104	0.0381788
31	0.0304988	0.0300951	0.0381971
32	0.030477	0.0300746	0.0382467
33	0.0304372	0.0300394	0.0383191
34	0.0303521	0.0299808	0.038374
35	0.0302375	0.0299247	0.0383642
36	0.0301566	0.029898	0.0383015
37	0.030109	0.0298837	0.0382156
38	0.0300755	0.0298709	0.0381301
39	0.0300497	0.0298583	0.0380553
40	0.0300296	0.0298465	0.0379928
41	0.0300143	0.0298352	0.0379419
42	0.0300025	0.0298241	0.0379007
43	0.0299926	0.0298125	0.037867
44	0.0299829	0.0297996	0.0378381
45	0.0299718	0.0297847	0.0378116
46	0.0299584	0.029767	0.0377856
47	0.0299416	0.0297458	0.0377587
48	0.0299209	0.0297201	0.0377302
49	0.0298956	0.0296886	0.0377
50	0.0298652	0.02965	0.0376688
51	0.0298296	0.0296023	0.037639
52	0.0297895	0.0295437	0.0376164
53	0.0297483	0.0294754	0.0376157
54	0.0297167	0.0294154	0.0376697
55	0.0297163	0.0294141	0.0378029
56	0.0297463	0.0294643	0.0379231
57	0.0297667	0.0294976	0.0379547
58	0.0297678	0.0295052	0.0379346
59	0.0297582	0.0294978	0.0379001
60	0.0297439	0.0294814	0.0378679
61	0.0297274	0.0294575	0.037846
62	0.0297101	0.0294251	0.0378416
63	0.0296942	0.0293829	0.0378641
64	0.0296842	0.0293348	0.0379173
65	0.0296853	0.0293101	0.0379876
66	0.0296914	0.029328	0.0380191
67	0.0296884	0.0293433	0.0379919
68	0.0296795	0.0293461	0.0379468
69	0.0296695	0.0293426	0.0379053
70	0.0296597	0.0293363	0.0378714
71	0.0296498	0.029328	0.0378441
72	0.0296395	0.029318	0.0378207
73	0.0296285	0.0293057	0.0377979
74	0.0296167	0.029291	0.0377734
75	0.0296053	0.029274	0.0377479
76	0.0295967	0.0292554	0.0377296
77	0.0295917	0.0292368	0.037732
78	0.029589	0.0292198	0.0377589
79	0.0295871	0.029206	0.0377998
80	0.0295855	0.0291954	0.0378425
81	0.029584	0.0291874	0.0378797
82	0.0295822	0.0291815	0.0379093
83	0.0295803	0.0291772	0.0379315
84	0.0295784	0.0291746	0.0379471
85	0.0295765	0.0291735	0.0379567
86	0.029575	0.029174	0.0379609
87	0.0295739	0.0291762	0.0379593
88	0.0295734	0.0291797	0.0379515
89	0.0295734	0.0291846	0.0379367
90	0.0295739	0.0291903	0.0379135
91	0.0295747	0.0291965	0.0378807
92	0.0295754	0.0292024	0.0378365
93	0.0295753	0.0292073	0.0377787
94	0.0295737	0.02921	0.0377044
95	0.0295691	0.0292089	0.0376095
96	0.0295596	0.0292019	0.0374887
97	0.0295429	0.029186	0.0373363
98	0.029518	0.0291585	0.0371493
99	0.0294882	0.0291193	0.0369365
100	0.0294633	0.0290751	0.0367261
101	0.0294522	0.0290361	0.036555
102	0.0294535	0.0290079	0.0364415
103	0.0294596	0.028989	0.0363795
104	0.0294651	0.0289759	0.036354
105	0.0294683	0.0289661	0.0363521
106	0.0294692	0.0289579	0.0363651
107	0.0294682	0.0289506	0.0363878
108	0.0294658	0.0289438	0.0364167
109	0.0294624	0.0289372	0.0364496
110	0.0294582	0.0289308	0.0364851
111	0.0294535	0.0289245	0.0365221
112	0.0294485	0.0289183	0.0365597
113	0.0294432	0.0289122	0.0365975
114	0.0294377	0.0289061	0.0366348
115	0.0294321	0.0289001	0.0366713
116	0.0294264	0.0288941	0.0367066
117	0.0294206	0.0288881	0.0367404
118	0.0294147	0.0288822	0.0367725
119	0.0294088	0.0288762	0.0368027
120	0.0294028	0.0288702	0.0368309
121	0.0293967	0.0288641	0.036857
122	0.0293905	0.0288579	0.0368809
123	0.0293842	0.0288517	0.0369027
124	0.0293777	0.0288454	0.0369224
125	0.0293712	0.0288389	0.03694
126	0.0293645	0.0288323	0.0369555
127	0.0293576	0.0288256	0.0369692
128	0.0293506	0.0288188	0.036981
129	0.0293434	0.0288118	0.036991
130	0.0293361	0.0288046	0.0369994
131	0.0293286	0.0287973	0.0370062
132	0.0293209	0.0287897	0.0370116
133	0.029313	0.028782	0.0370156
134	0.0293049	0.0287741	0.0370183
135	0.0292966	0.0287659	0.0370199
136	0.0292881	0.0287576	0.0370203
137	0.0292794	0.0287489	0.0370198
138	0.0292704	0.02874	0.0370184
139	0.0292612	0.0287309	0.0370161
140	0.0292517	0.0287214	0.0370132
141	0.029242	0.0287116	0.0370097
142	0.0292319	0.0287014	0.0370057
143	0.0292216	0.028691	0.0370013
144	0.0292109	0.0286801	0.0369967
145	0.0292	0.0286688	0.0369919
146	0.0291886	0.0286571	0.036987
147	0.0291769	0.0286449	0.0369821
148	0.0291648	0.0286322	0.0369774
149	0.0291523	0.0286189	0.0369727
150	0.0291394	0.0286051	0.0369683
151	0.029126	0.0285907	0.0369642
152	0.0291121	0.0285756	0.0369602
153	0.0290977	0.0285597	0.0369565
154	0.0290827	0.0285431	0.036953
155	0.0290672	0.0285255	0.0369497
156	0.029051	0.028507	0.0369463
157	0.0290341	0.0284874	0.0369428
158	0.0290164	0.0284666	0.0369391
159	0.028998	0.0284446	0.0369348
160	0.0289787	0.028421	0.0369297
161	0.0289585	0.0283959	0.0369236
162	0.0289374	0.0283689	0.0369159
163	0.0289152	0.0283399	0.0369064
164	0.0288919	0.0283087	0.0368945
165	0.0288674	0.0282751	0.0368798
166	0.0288418	0.0282387	0.0368617
167	0.0288149	0.0281995	0.0368398
168	0.0287869	0.0281572	0.0368137
169	0.0287578	0.0281121	0.0367833
170	0.0287279	0.0280643	0.0367487
171	0.0286974	0.0280151	0.0367106
172	0.0286668	0.0279661	0.0366705
173	0.0286367	0.0279198	0.0366308
174	0.0286077	0.0278785	0.0365942
175	0.0285801	0.0278428	0.0365626
176	0.0285539	0.0278114	0.0365364
177	0.0285291	0.0277824	0.0365146
178	0.0285054	0.0277543	0.0364958
179	0.0284828	0.0277266	0.0364788
180	0.028461	0.0276991	0.0364631
181	0.0284401	0.0276719	0.0364482
182	0.0284199	0.0276451	0.0364343
183	0.0284005	0.0276189	0.0364213
184	0.0283818	0.0275932	0.0364093
185	0.0283638	0.0275681	0.0363983
186	0.0283466	0.0275436	0.0363884
187	0.02833	0.0275198	0.0363794
188	0.0283141	0.0274966	0.0363714
189	0.0282987	0.0274739	0.0363643
190	0.028284	0.0274519	0.0363581
191	0.0282698	0.0274304	0.0363528
192	0.0282562	0.0274094	0.0363483
193	0.0282431	0.0273888	0.0363447
194	0.0282304	0.0273687	0.0363419
195	0.0282183	0.0273489	0.03634
196	0.0282065	0.0273294	0.0363388
197	0.0281952	0.0273101	0.0363385
198	0.0281842	0.027291	0.0363389
199	0.0281735	0.027272	0.0363402
200	0.0281631	0.0272529	0.0363422
201	0.028153	0.0272337	0.0363449
202	0.028143	0.0272142	0.0363484
203	0.0281332	0.0271944	0.0363526
204	0.0281234	0.0271741	0.0363574
205	0.0281136	0.0271531	0.0363629
206	0.0281038	0.0271314	0.0363689
207	0.0280939	0.0271089	0.0363753
208	0.0280838	0.0270854	0.0363821
209	0.0280736	0.0270608	0.0363891
210	0.0280632	0.0270352	0.0363963
211	0.0280524	0.0270083	0.0364034
212	0.0280415	0.0269803	0.0364102
213	0.0280302	0.026951	0.0364165
214	0.0280186	0.0269206	0.0364222
215	0.0280066	0.0268891	0.0364268
216	0.0279944	0.0268565	0.0364302
217	0.0279818	0.026823	0.0364322
218	0.0279688	0.0267886	0.0364324
219	0.0279554	0.0267535	0.0364308
220	0.0279417	0.0267177	0.0364271
221	0.0279275	0.0266814	0.0364213
222	0.0279128	0.0266446	0.0364134
223	0.0278976	0.0266073	0.0364033
224	0.0278819	0.0265695	0.0363911
225	0.0278654	0.0265312	0.0363769
226	0.0278483	0.0264922	0.0363608
227	0.0278303	0.0264525	0.036343
228	0.0278115	0.0264118	0.0363237
229	0.0277918	0.0263699	0.0363032
230	0.0277713	0.0263267	0.0362818
231	0.0277498	0.0262819	0.0362595
232	0.0277274	0.0262353	0.0362366
233	0.0277042	0.0261867	0.0362128
234	0.0276801	0.0261359	0.0361881
235	0.0276552	0.026083	0.0361621
236	0.0276295	0.0260277	0.036134
237	0.0276032	0.0259703	0.0361034
238	0.0275763	0.0259105	0.0360692
239	0.027549	0.0258487	0.0360307
240	0.0275214	0.0257847	0.0359868
241	0.0274938	0.0257187	0.0359374
242	0.027467	0.0256512	0.0358833
243	0.0274418	0.0255828	0.0358283
244	0.0274199	0.0255151	0.0357809
245	0.027403	0.0254501	0.0357562
246	0.0273922	0.0253889	0.0357735
247	0.0273866	0.0253297	0.0358479
248	0.0273831	0.025266	0.0359799
249	0.027378	0.025188	0.03615
250	0.0273684	0.0250875	0.0363222
251	0.0273518	0.0249634	0.0364564
252	0.0273261	0.0248219	0.0365271
253	0.0272911	0.0246716	0.0365321
254	0.0272471	0.0245193	0.0364846
255	0.0271952	0.0243679	0.0364004
256	0.0271362	0.0242178	0.0362931
257	0.0270713	0.0240688	0.0361736
258	0.0270022	0.0239214	0.0360518
259	0.0269312	0.0237773	0.0359361
260	0.0268616	0.0236388	0.035833
261	0.0267965	0.0235078	0.0357464
262	0.0267376	0.0233852	0.0356765
263	0.0266856	0.023271	0.0356212
264	0.0266404	0.0231651	0.0355774
265	0.0266015	0.0230673	0.0355424
266	0.0265683	0.0229773	0.035514
267	0.0265402	0.0228945	0.0354909
268	0.0265167	0.0228181	0.0354722
269	0.0264971	0.0227464	0.0354568
270	0.0264804	0.0226776	0.0354437
271	0.0264657	0.0226093	0.0354314
272	0.0264521	0.0225393	0.0354181
273	0.0264385	0.0224658	0.0354022
274	0.0264241	0.0223882	0.0353821
275	0.0264085	0.0223068	0.0353573
276	0.0263915	0.0222225	0.0353282
277	0.0263735	0.0221368	0.0352961
278	0.0263549	0.0220508	0.0352627
279	0.0263365	0.0219655	0.0352298
280	0.0263187	0.0218817	0.0351991
281	0.0263023	0.0218002	0.035172
282	0.0262876	0.0217216	0.0351496
283	0.0262753	0.0216465	0.035133
284	0.0262656	0.0215753	0.0351231
285	0.0262592	0.0215084	0.0351209
286	0.0262563	0.0214462	0.0351276
287	0.0262573	0.021389	0.0351442
288	0.0262625	0.0213372	0.0351716
289	0.0262723	0.0212911	0.0352108
290	0.0262868	0.0212508	0.0352626
291	0.0263062	0.0212166	0.0353278
292	0.0263305	0.0211887	0.0354069
293	0.0263597	0.0211671	0.0355002
294	0.0263934	0.0211517	0.0356077
295	0.0264311	0.0211421	0.0357281
296	0.0264716	0.0211375	0.0358593
297	0.0265132	0.0211364	0.0359969
298	0.0265536	0.0211367	0.036135
299	0.0265898	0.0211355	0.036265
300	0.0266185	0.0211291	0.0363761
301	0.0266358	0.0211133	0.036455
302	0.0266381	0.0210837	0.0364875
303	0.0266219	0.0210361	0.0364605
304	0.0265843	0.0209675	0.036365
305	0.026523	0.0208768	0.0361967
306	0.0264365	0.0207643	0.0359573
307	0.0263238	0.0206323	0.0356534
308	0.0261851	0.0204845	0.0352956
309	0.0260217	0.0203251	0.0348964
310	0.0258359	0.0201585	0.0344685
311	0.0256313	0.0199888	0.0340235
312	0.025412	0.0198192	0.0335711
313	0.0251822	0.0196526	0.0331194
314	0.0249462	0.019491	0.0326745
315	0.0247079	0.0193361	0.0322411
316	0.0244705	0.0191889	0.0318227
317	0.0242368	0.0190503	0.0314219
318	0.0240087	0.0189205	0.0310404
319	0.023788	0.0187998	0.030679
320	0.0235756	0.0186881	0.0303383
321	0.0233723	0.018585	0.0300184
322	0.0231784	0.0184904	0.029719
323	0.0229943	0.0184037	0.0294397
324	0.0228198	0.0183246	0.0291797
325	0.0226548	0.0182524	0.0289383
326	0.0224993	0.0181869	0.0287147
327	0.0223529	0.0181275	0.0285082
328	0.0222154	0.0180738	0.0283178
329	0.0220866	0.0180254	0.0281427
330	0.0219663	0.017982	0.0279823
331	0.0218543	0.0179434	0.0278359
332	0.0217506	0.0179092	0.0277028
333	0.0216552	0.0178795	0.0275828
334	0.0215687	0.0178543	0.0274761
335	0.0214923	0.0178339	0.0273836
336	0.0214287	0.0178195	0.0273082
337	0.0213849	0.0178137	0.027258
338	0.0213806	0.0178244	0.0272581
339	0.0214779	0.0178772	0.0273875
340	0.0217007	0.0179786	0.0275312
341	0.0217096	0.0180122	0.0273341
342	0.0216216	0.0180047	0.0271938
343	0.0215028	0.0179802	0.0270883
344	0.0213687	0.0179481	0.0269844
345	0.021221	0.0179099	0.0268732
346	0.0210554	0.0178651	0.0267481
347	0.0208612	0.017813	0.0265967
348	0.0206144	0.017756	0.0263998
349	0.020286	0.0177142	0.0261663
350	0.0199239	0.017713	0.0259684
351	0.0196182	0.0177414	0.0258156
352	0.0193655	0.0177722	0.0256837
353	0.0191399	0.0177901	0.0255596
354	0.0189266	0.0177931	0.0254375
355	0.0187197	0.0177829	0.0253152
356	0.0185172	0.017762	0.0251925
357	0.0183191	0.0177319	0.0250695
358	0.0181263	0.0176936	0.0249467
359	0.0179402	0.0176479	0.0248249
360	0.0177623	0.0175958	0.0247044
361	0.017594	0.0175384	0.024586
362	0.0174365	0.017477	0.0244703
363	0.0172906	0.0174133	0.0243578
364	0.0171566	0.0173486	0.024249
365	0.0170347	0.0172845	0.0241445
366	0.0169246	0.0172221	0.0240444
367	0.0168257	0.0171622	0.023949
368	0.0167374	0.0171056	0.0238585
369	0.0166589	0.0170524	0.0237726
370	0.0165894	0.0170031	0.0236916
371	0.0165281	0.0169574	0.0236151
372	0.0164741	0.0169154	0.0235431
373	0.0164268	0.0168768	0.0234755
374	0.0163853	0.0168415	0.0234122
375	0.0163491	0.0168093	0.023353
376	0.0163173	0.01678	0.0232977
377	0.0162896	0.0167534	0.0232462
378	0.0162652	0.0167293	0.0231983
379	0.0162438	0.0167075	0.0231539
380	0.0162248	0.0166879	0.0231126
381	0.0162079	0.0166704	0.0230743
382	0.0161927	0.0166547	0.0230386
383	0.0161787	0.0166407	0.0230055
384	0.0161658	0.0166283	0.0229745
385	0.0161537	0.0166172	0.0229455
386	0.0161422	0.0166073	0.0229182
387	0.0161311	0.0165984	0.0228924
388	0.0161203	0.0165903	0.0228679
389	0.0161096	0.0165829	0.0228446
390	0.016099	0.0165759	0.0228222
391	0.0160883	0.0165693	0.0228005
392	0.0160775	0.0165627	0.0227795
393	0.0160666	0.0165562	0.022759
394	0.0160556	0.0165495	0.0227389
395	0.0160443	0.0165425	0.0227191
396	0.0160327	0.0165352	0.0226994
397	0.016021	0.0165273	0.0226798
398	0.0160089	0.0165189	0.0226602
399	0.0159966	0.0165098	0.0226406
400	0.015984	0.0165001	0.0226208
401	0.0159711	0.0164895	0.022601
402	0.0159579	0.0164783	0.0225809
403	0.0159444	0.0164662	0.0225606
404	0.0159307	0.0164534	0.0225402
405	0.0159166	0.0164398	0.0225195
406	0.0159022	0.0164254	0.0224985
407	0.0158875	0.0164102	0.0224774
408	0.0158726	0.0163944	0.022456
409	0.0158574	0.0163779	0.0224343
410	0.0158419	0.0163607	0.0224125
411	0.0158261	0.0163429	0.0223905
412	0.0158101	0.0163245	0.0223683
413	0.0157938	0.0163055	0.022346
414	0.0157773	0.0162861	0.0223235
415	0.0157605	0.0162661	0.0223009
416	0.0157436	0.0162458	0.0222782
417	0.0157264	0.016225	0.0222554
418	0.015709	0.0162039	0.0222325
419	0.0156915	0.0161824	0.0222097
420	0.0156738	0.0161606	0.0221867
421	0.0156559	0.0161385	0.0221638
422	0.0156379	0.0161162	0.0221409
423	0.0156198	0.0160936	0.022118
424	0.0156016	0.0160708	0.0220951
425	0.0155833	0.0160478	0.0220723
426	0.0155649	0.0160246	0.0220496
427	0.0155465	0.0160013	0.0220269
428	0.0155281	0.0159779	0.0220043
429	0.0155096	0.0159543	0.0219819
430	0.0154912	0.0159306	0.0219595
431	0.0154727	0.0159067	0.0219372
432	0.0154543	0.0158828	0.0219151
433	0.015436	0.0158588	0.0218931
434	0.0154177	0.0158347	0.0218712
435	0.0153995	0.0158105	0.0218494
436	0.0153815	0.0157863	0.0218278
437	0.0153635	0.0157619	0.0218062
438	0.0153457	0.0157375	0.0217849
439	0.015328	0.015713	0.0217636
440	0.0153105	0.0156885	0.0217424
441	0.0152932	0.0156638	0.0217214
442	0.0152761	0.0156391	0.0217005
443	0.0152593	0.0156143	0.0216797
444	0.0152426	0.0155893	0.0216591
445	0.0152262	0.0155643	0.0216385
446	0.0152101	0.0155392	0.0216181
447	0.0151942	0.015514	0.0215977
448	0.0151787	0.0154887	0.0215775
449	0.0151634	0.0154633	0.0215574
450	0.0151484	0.0154378	0.0215375
451	0.0151338	0.0154121	0.0215176
452	0.0151195	0.0153863	0.0214979
453	0.0151055	0.0153605	0.0214784
454	0.0150918	0.0153345	0.021459
455	0.0150786	0.0153084	0.0214398
456	0.0150656	0.0152822	0.0214209
457	0.015053	0.0152559	0.0214021
458	0.0150407	0.0152295	0.0213837
459	0.0150287	0.015203	0.0213655
460	0.0150171	0.0151765	0.0213476
461	0.0150057	0.0151499	0.0213301
462	0.0149946	0.0151232	0.021313
463	0.0149837	0.0150965	0.0212963
464	0.014973	0.0150698	0.0212801
465	0.0149625	0.015043	0.0212644
466	0.0149521	0.0150163	0.0212492
467	0.0149417	0.0149895	0.0212346
468	0.0149314	0.0149627	0.0212206
469	0.0149211	0.0149359	0.0212072
470	0.0149107	0.0149091	0.0211945
471	0.0149002	0.0148824	0.0211825
472	0.0148894	0.0148557	0.0211712
473	0.0148784	0.0148291	0.0211607
474	0.0148672	0.0148025	0.0211508
475	0.0148555	0.014776	0.0211418
476	0.0148435	0.0147496	0.0211335
477	0.014831	0.0147233	0.0211259
478	0.0148181	0.0146971	0.0211191
479	0.0148046	0.014671	0.021113
480	0.0147906	0.0146451	0.0211076
481	0.0147761	0.0146194	0.0211029
482	0.014761	0.0145938	0.0210989
483	0.0147453	0.0145684	0.0210955
484	0.0147292	0.0145433	0.0210926
485	0.0147125	0.0145183	0.0210903
486	0.0146954	0.0144936	0.0210884
487	0.0146778	0.0144692	0.0210869
488	0.01466	0.014445	0.0210858
489	0.0146418	0.0144211	0.0210848
490	0.0146235	0.0143976	0.021084
491	0.014605	0.0143744	0.0210833
492	0.0145865	0.0143515	0.0210825
493	0.014568	0.014329	0.0210816
494	0.0145496	0.0143069	0.0210804
495	0.0145314	0.0142852	0.0210788
496	0.0145136	0.0142639	0.0210767
497	0.014496	0.0142431	0.021074
498	0.014479	0.0142228	0.0210706
499	0.0144625	0.014203	0.0210663
500	0.0144465	0.0141837	0.0210611
501	0.0144312	0.0141649	0.0210549
502	0.0144166	0.0141467	0.0210475
503	0.0144028	0.014129	0.021039
504	0.0143898	0.014112	0.0210291
505	0.0143776	0.0140955	0.021018
506	0.0143662	0.0140797	0.0210055
507	0.0143557	0.0140645	0.0209916
508	0.0143461	0.0140499	0.0209764
509	0.0143373	0.0140359	0.0209599
510	0.0143293	0.0140226	0.020942
511	0.0143221	0.01401	0.0209229
512	0.0143156	0.0139979	0.0209026
513	0.0143098	0.0139865	0.0208813
514	0.0143046	0.0139757	0.020859
515	0.0142999	0.0139654	0.0208359
516	0.0142958	0.0139558	0.020812
517	0.0142921	0.0139467	0.0207875
518	0.0142888	0.0139381	0.0207625
519	0.0142858	0.0139299	0.0207371
520	0.0142831	0.0139222	0.0207116
521	0.0142806	0.0139149	0.0206859
522	0.0142783	0.013908	0.0206603
523	0.0142762	0.0139014	0.0206347
524	0.0142742	0.013895	0.0206094
525	0.0142723	0.0138889	0.0205845
526	0.0142705	0.0138829	0.0205599
527	0.0142688	0.0138771	0.0205358
528	0.0142671	0.0138715	0.0205122
529	0.0142655	0.0138659	0.0204892
530	0.014264	0.0138603	0.0204669
531	0.0142625	0.0138547	0.0204452
532	0.014261	0.0138492	0.0204242
533	0.0142596	0.0138436	0.020404
534	0.0142582	0.013838	0.0203845
535	0.0142569	0.0138324	0.0203657
536	0.0142556	0.0138266	0.0203477
537	0.0142544	0.0138209	0.0203304
538	0.0142532	0.013815	0.0203139
539	0.0142521	0.0138091	0.0202981
540	0.014251	0.0138032	0.020283
541	0.0142499	0.0137972	0.0202686
542	0.0142489	0.0137911	0.0202549
543	0.014248	0.013785	0.0202418
544	0.0142471	0.0137789	0.0202295
545	0.0142462	0.0137728	0.0202177
546	0.0142454	0.0137666	0.0202066
547	0.0142447	0.0137605	0.0201961
548	0.0142439	0.0137543	0.0201861
549	0.0142433	0.0137482	0.0201767
550	0.0142427	0.0137421	0.0201679
551	0.0142421	0.0137361	0.0201596
552	0.0142415	0.0137301	0.0201517
553	0.014241	0.0137242	0.0201444
554	0.0142405	0.0137184	0.0201375
555	0.0142401	0.0137126	0.020131
556	0.0142397	0.013707	0.020125
557	0.0142393	0.0137014	0.0201194
558	0.014239	0.013696	0.0201141
559	0.0142386	0.0136906	0.0201093
560	0.0142383	0.0136854	0.0201047
561	0.0142381	0.0136803	0.0201006
562	0.0142378	0.0136754	0.0200968
563	0.0142376	0.0136706	0.0200932
564	0.0142374	0.0136659	0.02009
565	0.0142372	0.0136613	0.0200871
566	0.014237	0.013657	0.0200844
567	0.0142368	0.0136527	0.020082
568	0.0142367	0.0136486	0.0200799
569	0.0142365	0.0136447	0.020078
570	0.0142364	0.0136409	0.0200764
571	0.0142363	0.0136373	0.0200749
572	0.0142362	0.0136339	0.0200737
573	0.0142361	0.0136306	0.0200727
574	0.0142361	0.0136274	0.0200718
575	0.014236	0.0136245	0.0200712
576	0.014236	0.0136216	0.0200707
577	0.0142359	0.013619	0.0200704
578	0.0142359	0.0136165	0.0200703
579	0.0142359	0.0136141	0.0200703
580	0.0142359	0.013612	0.0200705
581	0.0142359	0.0136099	0.0200708
582	0.0142359	0.0136081	0.0200713
583	0.0142359	0.0136064	0.0200719
584	0.014236	0.0136048	0.0200726
585	0.014236	0.0136034	0.0200734
586	0.0142361	0.0136021	0.0200744
587	0.0142361	0.013601	0.0200754
588	0.0142362	0.0136001	0.0200766
589	0.0142363	0.0135993	0.0200779
590	0.0142364	0.0135986	0.0200792
591	0.0142365	0.0135981	0.0200807
592	0.0142366	0.0135977	0.0200822
593	0.0142368	0.0135974	0.0200839
594	0.0142369	0.0135973	0.0200856
595	0.0142371	0.0135973	0.0200874
596	0.0142372	0.0135974	0.0200892
597	0.0142374	0.0135977	0.0200912
598	0.0142376	0.0135981	0.0200932
599	0.0142378	0.0135986	0.0200952
600	0.0142381	0.0135992	0.0200973
601	0.0142383	0.0136	0.0200995
602	0.0142386	0.0136009	0.0201018
603	0.0142388	0.0136019	0.0201041
604	0.0142391	0.013603	0.0201064
605	0.0142394	0.0136042	0.0201088
606	0.0142398	0.0136055	0.0201112
607	0.0142401	0.0136069	0.0201137
608	0.0142405	0.0136085	0.0201162
609	0.0142408	0.0136101	0.0201188
610	0.0142412	0.0136118	0.0201214
611	0.0142416	0.0136136	0.020124
612	0.0142421	0.0136156	0.0201267
613	0.0142425	0.0136176	0.0201293
614	0.014243	0.0136197	0.0201321
615	0.0142435	0.0136219	0.0201348
616	0.014244	0.0136241	0.0201376
617	0.0142445	0.0136265	0.0201404
618	0.014245	0.0136289	0.0201432
619	0.0142456	0.0136314	0.020146
620	0.0142462	0.013634	0.0201489
621	0.0142468	0.0136367	0.0201517
622	0.0142474	0.0136395	0.0201546
623	0.014248	0.0136423	0.0201575
624	0.0142487	0.0136452	0.0201604
625	0.0142494	0.0136481	0.0201634
626	0.0142501	0.0136512	0.0201663
627	0.0142508	0.0136542	0.0201692
628	0.0142515	0.0136574	0.0201722
629	0.0142523	0.0136606	0.0201751
630	0.0142531	0.0136639	0.0201781
631	0.0142539	0.0136672	0.0201811
632	0.0142547	0.0136706	0.020184
633	0.0142555	0.013674	0.020187
634	0.0142564	0.0136775	0.02019
635	0.0142573	0.013681	0.020193
636	0.0142582	0.0136846	0.020196
637	0.0142591	0.0136882	0.0201989
638	0.01426	0.0136919	0.0202019
639	0.014261	0.0136956	0.0202049
640	0.014262	0.0136994	0.0202079
641	0.014263	0.0137032	0.0202108
642	0.014264	0.013707	0.0202138
643	0.014265	0.0137109	0.0202168
644	0.014266	0.0137148	0.0202197
645	0.0142671	0.0137187	0.0202227
646	0.0142682	0.0137227	0.0202256
647	0.0142693	0.0137267	0.0202286
648	0.0142704	0.0137308	0.0202315
649	0.0142716	0.0137348	0.0202345
650	0.0142727	0.0137389	0.0202374
651	0.0142739	0.0137431	0.0202403
652	0.0142751	0.0137472	0.0202432
653	0.0142763	0.0137514	0.0202461
654	0.0142775	0.0137556	0.020249
655	0.0142787	0.0137598	0.0202519
656	0.01428	0.0137641	0.0202548
Salida porque no mejora el entrenamiento!!
PESOS DE LA RED
===============
Salida Esperada Vs Salida Obtenida (test)
=========================================
0.430996 -- 0.568297 
0.40083 -- 0.53393 
0.191116 -- 0.342545 
0.366144 -- 0.367191 
0.367519 -- 0.406044 
0.604647 -- 0.522775 
0.465379 -- 0.45256 
0.459066 -- 0.520509 
0.161198 -- 0.313161 
0.529216 -- 0.341379 
0.232835 -- 0.325201 
0.268985 -- 0.425934 
0.404717 -- 0.619702 
0.234433 -- 0.350494 
0.68694 -- 0.574247 
0.612588 -- 0.532444 
0.472511 -- 0.607647 
0.771912 -- 0.570956 
0.767634 -- 0.565276 
0.529077 -- 0.514566 
0.840582 -- 0.635272 
0.304584 -- 0.258819 
0.375972 -- 0.271576 
0.706528 -- 0.532263 
0.192498 -- 0.335405 
0 -- 0.341485 
0.445856 -- 0.485117 
0.199522 -- 0.438614 
0.473098 -- 0.300905 
0.517121 -- 0.354645 
0.125798 -- 0.295226 
0.399047 -- 0.261526 
0.360765 -- 0.491354 
0.61931 -- 0.579556 
0.419672 -- 0.294598 
0.657247 -- 0.46289 
0.461055 -- 0.375251 
0.650546 -- 0.595256 
0.321302 -- 0.343817 
0.623597 -- 0.513602 
0.461309 -- 0.419736 
Finalizamos => Error de test final: 0.0200856
**********
SEMILLA 3
**********
1	0.0315014	0.0790562	0.0771496
2	0.0329498	0.0614248	0.0602403
3	0.0332858	0.0576303	0.0565067
4	0.0351697	0.0562022	0.0564094
5	0.0355304	0.0558573	0.0561175
6	0.0349338	0.0558889	0.0557337
7	0.0340996	0.0534305	0.0532378
8	0.0336228	0.0513038	0.0511613
9	0.0334051	0.0502339	0.0500841
10	0.0331944	0.0493729	0.0492051
11	0.0329477	0.0476725	0.0474481
12	0.0323792	0.0459602	0.0455635
13	0.0319422	0.0448589	0.0443309
14	0.0316677	0.0441093	0.043493
15	0.0317217	0.0438522	0.0432455
16	0.0316959	0.0434233	0.0428451
17	0.0314471	0.0429997	0.0424149
18	0.0313146	0.0428114	0.0422197
19	0.0312485	0.0427009	0.0421063
20	0.0312063	0.0426208	0.0420243
21	0.0311749	0.0425579	0.0419595
22	0.0311499	0.042507	0.0419068
23	0.0311295	0.0424656	0.0418641
24	0.0311125	0.0424322	0.0418298
25	0.0310983	0.0424053	0.041803
26	0.0310862	0.042384	0.0417825
27	0.0310755	0.0423672	0.0417673
28	0.0310656	0.0423543	0.0417563
29	0.0310558	0.0423447	0.041749
30	0.0310454	0.0423386	0.0417451
31	0.0310336	0.0423379	0.0417459
32	0.0310193	0.0423481	0.0417565
33	0.0310027	0.0423892	0.041797
34	0.0309946	0.0425294	0.0419456
35	0.0310584	0.0426408	0.0421533
36	0.0311018	0.0424823	0.042095
37	0.0310919	0.0423748	0.0420113
38	0.0310551	0.0422558	0.0418945
39	0.031008	0.0421273	0.0417625
40	0.0309573	0.0419925	0.0416236
41	0.0309048	0.0418514	0.0414793
42	0.0308499	0.0417013	0.0413272
43	0.0307902	0.041536	0.041161
44	0.0307211	0.0413435	0.0409686
45	0.0306345	0.0411064	0.0407339
46	0.0305268	0.04084	0.0404787
47	0.0304369	0.0406728	0.0403339
48	0.030399	0.0405822	0.0402554
49	0.0303633	0.0404475	0.0401076
50	0.0303149	0.040276	0.0398983
51	0.0302664	0.0401079	0.0396705
52	0.0302327	0.0399848	0.0394737
53	0.0302202	0.0399241	0.0393416
54	0.030223	0.0399111	0.0392733
55	0.0302319	0.0399219	0.039248
56	0.030242	0.0399412	0.0392461
57	0.0302513	0.0399621	0.0392552
58	0.0302594	0.039982	0.0392687
59	0.0302662	0.0399999	0.0392834
60	0.0302718	0.0400153	0.0392974
61	0.0302761	0.0400283	0.03931
62	0.0302794	0.0400388	0.0393208
63	0.0302816	0.040047	0.0393297
64	0.0302829	0.0400532	0.0393368
65	0.0302835	0.0400575	0.0393421
66	0.0302833	0.0400602	0.0393459
67	0.0302825	0.0400615	0.0393483
68	0.0302811	0.0400615	0.0393495
69	0.0302793	0.0400605	0.0393496
70	0.0302772	0.0400585	0.0393488
71	0.0302747	0.0400558	0.0393473
72	0.0302719	0.0400525	0.0393451
73	0.0302689	0.0400486	0.0393423
74	0.0302658	0.0400443	0.039339
75	0.0302624	0.0400396	0.0393353
76	0.030259	0.0400346	0.0393313
77	0.0302554	0.0400293	0.039327
78	0.0302517	0.0400238	0.0393225
79	0.030248	0.0400181	0.0393177
80	0.0302442	0.0400123	0.0393127
81	0.0302403	0.0400064	0.0393076
82	0.0302364	0.0400004	0.0393024
83	0.0302324	0.0399943	0.0392971
84	0.0302284	0.0399881	0.0392917
85	0.0302244	0.039982	0.0392862
86	0.0302203	0.0399758	0.0392806
87	0.0302162	0.0399695	0.039275
88	0.0302121	0.0399633	0.0392694
89	0.030208	0.0399571	0.0392637
90	0.0302038	0.0399509	0.039258
91	0.0301997	0.0399447	0.0392523
92	0.0301955	0.0399386	0.0392466
93	0.0301913	0.0399324	0.0392409
94	0.030187	0.0399263	0.0392352
95	0.0301828	0.0399202	0.0392294
96	0.0301785	0.0399141	0.0392237
97	0.0301742	0.0399081	0.039218
98	0.0301699	0.039902	0.0392122
99	0.0301655	0.039896	0.0392064
100	0.0301611	0.03989	0.0392007
101	0.0301567	0.039884	0.0391949
102	0.0301522	0.039878	0.0391891
103	0.0301477	0.039872	0.0391832
104	0.0301432	0.039866	0.0391774
105	0.0301386	0.03986	0.0391715
106	0.030134	0.039854	0.0391656
107	0.0301293	0.0398479	0.0391596
108	0.0301245	0.0398418	0.0391536
109	0.0301197	0.0398357	0.0391475
110	0.0301148	0.0398295	0.0391413
111	0.0301098	0.0398232	0.0391351
112	0.0301047	0.0398167	0.0391287
113	0.0300995	0.0398102	0.0391222
114	0.0300942	0.0398034	0.0391154
115	0.0300888	0.0397964	0.0391085
116	0.0300832	0.0397891	0.0391012
117	0.0300774	0.0397814	0.0390935
118	0.0300714	0.0397731	0.0390853
119	0.030065	0.0397641	0.0390763
120	0.0300582	0.0397541	0.0390664
121	0.0300507	0.0397428	0.0390552
122	0.0300424	0.0397299	0.0390422
123	0.0300328	0.039715	0.0390272
124	0.0300212	0.0396977	0.0390092
125	0.0300055	0.039673	0.0389834
126	0.029978	0.0396084	0.0389193
127	0.029928	0.0394643	0.0387825
128	0.0298925	0.0393823	0.0387063
129	0.0298779	0.0393582	0.0386843
130	0.0298687	0.0393473	0.0386744
131	0.0298612	0.0393397	0.0386672
132	0.0298541	0.0393329	0.0386607
133	0.0298471	0.0393264	0.0386543
134	0.0298402	0.03932	0.0386479
135	0.0298332	0.0393135	0.0386415
136	0.0298261	0.0393069	0.0386349
137	0.029819	0.0393003	0.0386283
138	0.0298118	0.0392937	0.0386216
139	0.0298045	0.0392871	0.0386149
140	0.0297971	0.0392805	0.0386081
141	0.0297896	0.0392739	0.0386014
142	0.0297821	0.0392673	0.0385946
143	0.0297744	0.0392607	0.0385878
144	0.0297667	0.0392541	0.038581
145	0.0297589	0.0392475	0.0385743
146	0.0297509	0.039241	0.0385675
147	0.0297429	0.0392345	0.0385607
148	0.0297347	0.0392279	0.038554
149	0.0297265	0.0392214	0.0385472
150	0.0297181	0.0392148	0.0385403
151	0.0297096	0.0392083	0.0385335
152	0.029701	0.0392017	0.0385266
153	0.0296922	0.0391951	0.0385197
154	0.0296833	0.0391884	0.0385127
155	0.0296742	0.0391817	0.0385056
156	0.029665	0.0391748	0.0384984
157	0.0296557	0.0391679	0.0384912
158	0.0296462	0.0391609	0.0384838
159	0.0296365	0.0391538	0.0384762
160	0.0296267	0.0391465	0.0384685
161	0.0296167	0.039139	0.0384607
162	0.0296065	0.0391314	0.0384526
163	0.0295961	0.0391235	0.0384443
164	0.0295856	0.0391155	0.0384357
165	0.0295749	0.0391071	0.0384268
166	0.029564	0.0390985	0.0384177
167	0.0295528	0.0390895	0.0384082
168	0.0295415	0.0390802	0.0383983
169	0.02953	0.0390705	0.038388
170	0.0295182	0.0390603	0.0383773
171	0.0295063	0.0390497	0.0383661
172	0.0294941	0.0390386	0.0383543
173	0.0294816	0.039027	0.038342
174	0.0294689	0.0390148	0.0383291
175	0.029456	0.0390019	0.0383155
176	0.0294427	0.0389884	0.0383013
177	0.0294292	0.0389741	0.0382862
178	0.0294155	0.0389591	0.0382704
179	0.0294014	0.0389432	0.0382537
180	0.0293869	0.0389264	0.0382361
181	0.0293722	0.0389085	0.0382174
182	0.0293571	0.0388897	0.0381977
183	0.0293417	0.0388696	0.0381768
184	0.0293258	0.0388483	0.0381547
185	0.0293096	0.0388257	0.0381312
186	0.0292929	0.0388015	0.0381063
187	0.0292758	0.0387757	0.0380798
188	0.0292582	0.0387482	0.0380515
189	0.02924	0.0387186	0.0380213
190	0.0292213	0.0386869	0.037989
191	0.029202	0.0386527	0.0379544
192	0.0291821	0.0386157	0.0379171
193	0.0291615	0.0385756	0.0378768
194	0.0291401	0.0385319	0.0378331
195	0.0291178	0.0384841	0.0377855
196	0.0290947	0.0384314	0.0377333
197	0.0290706	0.0383728	0.0376756
198	0.0290453	0.0383073	0.0376112
199	0.0290189	0.038233	0.0375387
200	0.0289913	0.0381476	0.0374557
201	0.0289625	0.0380478	0.0373589
202	0.0289328	0.0379284	0.0372435
203	0.0289035	0.0377816	0.0371015
204	0.0288784	0.0375957	0.0369206
205	0.0288717	0.0373613	0.036687
206	0.0289307	0.0371602	0.0364565
207	0.0290097	0.0374802	0.0366852
208	0.0288824	0.0379114	0.0371172
209	0.0287962	0.0380151	0.0372582
210	0.0287428	0.0380282	0.0372985
211	0.0287055	0.0380219	0.0373099
212	0.0286756	0.0380085	0.0373079
213	0.0286488	0.0379895	0.0372961
214	0.028623	0.0379654	0.0372766
215	0.0285975	0.037937	0.037251
216	0.0285719	0.037905	0.0372209
217	0.0285461	0.03787	0.0371873
218	0.0285201	0.0378323	0.0371508
219	0.0284938	0.0377924	0.0371119
220	0.0284673	0.0377503	0.037071
221	0.0284404	0.0377063	0.0370284
222	0.0284133	0.0376603	0.036984
223	0.0283858	0.0376124	0.036938
224	0.0283581	0.0375627	0.0368904
225	0.0283301	0.0375109	0.036841
226	0.0283018	0.037457	0.0367896
227	0.0282733	0.0374006	0.0367355
228	0.0282447	0.0373412	0.0366781
229	0.0282162	0.0372778	0.0366159
230	0.0281881	0.0372091	0.0365473
231	0.0281615	0.0371328	0.0364693
232	0.0281378	0.0370457	0.0363784
233	0.0281204	0.0369432	0.0362694
234	0.0281162	0.0368196	0.0361355
235	0.0281397	0.0366685	0.0359694
236	0.0282216	0.036489	0.0357677
237	0.0284148	0.0362991	0.0355469
238	0.0287559	0.0361435	0.0353522
239	0.0291433	0.036037	0.0351915
240	0.0292939	0.0359295	0.0349984
241	0.0291262	0.0358566	0.0347998
242	0.0289174	0.0359933	0.034685
243	0.0281162	0.0367757	0.0352423
244	0.0275971	0.0378136	0.0363081
245	0.0276123	0.0388605	0.037618
246	0.0278306	0.0390344	0.038744
247	0.0277138	0.0379785	0.037622
248	0.0276015	0.0375258	0.0369409
249	0.0275501	0.0374046	0.0366888
250	0.0275092	0.0373799	0.036614
251	0.0274718	0.0373557	0.0365593
252	0.0274363	0.0373302	0.0365076
253	0.0274019	0.037304	0.036456
254	0.0273683	0.0372774	0.0364041
255	0.0273351	0.0372508	0.036352
256	0.0273022	0.0372245	0.0363
257	0.0272694	0.0371987	0.0362484
258	0.0272366	0.0371735	0.0361973
259	0.0272039	0.037149	0.0361469
260	0.0271711	0.0371252	0.0360971
261	0.0271383	0.0371021	0.0360478
262	0.0271054	0.0370796	0.0359991
263	0.0270724	0.0370578	0.0359509
264	0.0270394	0.0370365	0.035903
265	0.0270064	0.0370156	0.0358555
266	0.0269734	0.0369952	0.0358082
267	0.0269404	0.0369753	0.0357612
268	0.0269075	0.0369556	0.0357143
269	0.0268746	0.0369363	0.0356676
270	0.0268418	0.0369173	0.0356209
271	0.0268091	0.0368986	0.0355744
272	0.0267765	0.03688	0.0355279
273	0.026744	0.0368617	0.0354814
274	0.0267117	0.0368435	0.0354349
275	0.0266795	0.0368254	0.0353885
276	0.0266475	0.0368075	0.035342
277	0.0266157	0.0367897	0.0352955
278	0.026584	0.0367719	0.0352491
279	0.0265526	0.0367542	0.0352025
280	0.0265213	0.0367365	0.035156
281	0.0264902	0.0367189	0.0351094
282	0.0264593	0.0367012	0.0350628
283	0.0264286	0.0366835	0.0350162
284	0.0263981	0.0366658	0.0349696
285	0.0263678	0.036648	0.0349229
286	0.0263377	0.0366301	0.0348762
287	0.0263078	0.0366122	0.0348295
288	0.026278	0.0365941	0.0347829
289	0.0262485	0.036576	0.0347362
290	0.0262192	0.0365578	0.0346896
Salida porque no mejora el entrenamiento!!
PESOS DE LA RED
===============
Salida Esperada Vs Salida Obtenida (test)
=========================================
0.430996 -- 0.388211 
0.40083 -- 0.40957 
0.191116 -- 0.440296 
0.366144 -- 0.42975 
0.367519 -- 0.454746 
0.604647 -- 0.390519 
0.465379 -- 0.459313 
0.459066 -- 0.409055 
0.161198 -- 0.397505 
0.529216 -- 0.436058 
0.232835 -- 0.373186 
0.268985 -- 0.393492 
0.404717 -- 0.474069 
0.234433 -- 0.392598 
0.68694 -- 0.41824 
0.612588 -- 0.421879 
0.472511 -- 0.470671 
0.771912 -- 0.387995 
0.767634 -- 0.388435 
0.529077 -- 0.390817 
0.840582 -- 0.477129 
0.304584 -- 0.401135 
0.375972 -- 0.399738 
0.706528 -- 0.465542 
0.192498 -- 0.405014 
0 -- 0.439188 
0.445856 -- 0.408032 
0.199522 -- 0.407017 
0.473098 -- 0.344697 
0.517121 -- 0.395819 
0.125798 -- 0.335794 
0.399047 -- 0.400665 
0.360765 -- 0.462428 
0.61931 -- 0.415968 
0.419672 -- 0.398383 
0.657247 -- 0.392429 
0.461055 -- 0.450404 
0.650546 -- 0.467632 
0.321302 -- 0.396231 
0.623597 -- 0.449116 
0.461309 -- 0.456247 
Finalizamos => Error de test final: 0.0346896
**********
SEMILLA 4
**********
1	0.0352207	0.0515508	0.0571069
2	0.0339949	0.0473602	0.0534317
3	0.0325283	0.0443882	0.0507569
4	0.0322973	0.0422893	0.0489131
5	0.0341736	0.0408248	0.048258
6	0.0350685	0.0337173	0.0433581
7	0.0333612	0.0326648	0.0409651
8	0.0316311	0.0314015	0.0394863
9	0.0306384	0.0307004	0.0388024
10	0.0302125	0.0304695	0.0383208
11	0.0301201	0.0304181	0.0379843
12	0.0301818	0.0312291	0.0385608
13	0.030062	0.0315408	0.0388379
14	0.0299509	0.0316521	0.0389523
15	0.0298747	0.031701	0.039003
16	0.0298274	0.0317034	0.0390025
17	0.0298094	0.0316363	0.0389307
18	0.0298291	0.0314874	0.0387771
19	0.0298934	0.0313267	0.0386083
20	0.0299638	0.0312873	0.0385648
21	0.0299368	0.0314043	0.0387018
22	0.0298158	0.0315414	0.0388828
23	0.0296826	0.0316291	0.0390211
24	0.0295705	0.0316592	0.0390957
25	0.0294804	0.0316212	0.0390931
26	0.0294095	0.0315279	0.0390256
27	0.0293653	0.0314629	0.0389673
28	0.029359	0.0314657	0.0389554
29	0.029395	0.0315043	0.0389722
30	0.029465	0.0315176	0.0389862
31	0.0295337	0.0314041	0.0389433
32	0.0295326	0.0310557	0.0387758
33	0.0293949	0.0304739	0.0384624
34	0.0291156	0.0298039	0.0380685
35	0.0287693	0.0291703	0.0376592
36	0.0284448	0.0285001	0.0371672
37	0.0281938	0.0277747	0.0366081
38	0.0280143	0.0270631	0.0360433
39	0.027937	0.0263403	0.0354796
40	0.0279034	0.0258388	0.0352033
41	0.0278106	0.0257497	0.0352778
42	0.0277643	0.0258198	0.0354359
43	0.0277496	0.0258548	0.0355363
44	0.0277315	0.0258237	0.0355687
45	0.0277007	0.0257432	0.0355509
46	0.0276584	0.0256305	0.0354981
47	0.0276076	0.0254972	0.0354207
48	0.0275507	0.0253514	0.0353261
49	0.0274899	0.025199	0.0352205
50	0.027427	0.025045	0.0351093
51	0.0273637	0.0248931	0.0349969
52	0.027301	0.0247462	0.0348872
53	0.02724	0.024606	0.0347825
54	0.0271811	0.0244732	0.0346846
55	0.0271246	0.0243481	0.034594
56	0.0270705	0.0242304	0.0345107
57	0.0270186	0.0241193	0.0344343
58	0.0269689	0.0240143	0.0343641
59	0.026921	0.0239146	0.0342994
60	0.0268747	0.0238196	0.0342394
61	0.0268299	0.0237289	0.0341835
62	0.0267863	0.0236419	0.0341311
63	0.0267439	0.0235586	0.0340819
64	0.0267026	0.0234786	0.0340355
65	0.0266623	0.0234018	0.0339918
66	0.0266229	0.0233283	0.0339505
67	0.0265844	0.0232578	0.0339117
68	0.0265467	0.0231904	0.0338752
69	0.0265099	0.0231259	0.0338409
70	0.0264739	0.0230641	0.0338086
71	0.0264386	0.0230048	0.0337781
72	0.026404	0.0229479	0.0337492
73	0.02637	0.0228931	0.0337218
74	0.0263366	0.0228402	0.0336955
75	0.0263038	0.0227891	0.0336702
76	0.0262715	0.0227395	0.0336457
77	0.0262397	0.0226913	0.0336219
78	0.0262083	0.0226443	0.0335985
79	0.0261774	0.0225983	0.0335754
80	0.0261468	0.0225533	0.0335524
81	0.0261167	0.022509	0.0335295
82	0.0260868	0.0224653	0.0335063
83	0.0260573	0.0224221	0.0334828
84	0.026028	0.0223792	0.0334588
85	0.025999	0.0223365	0.0334341
86	0.0259702	0.0222936	0.0334086
87	0.0259415	0.0222505	0.033382
88	0.0259131	0.0222069	0.0333541
89	0.0258847	0.0221625	0.0333246
90	0.0258563	0.0221169	0.0332931
91	0.025828	0.0220698	0.0332594
92	0.0257996	0.0220207	0.0332228
93	0.0257711	0.0219689	0.0331829
94	0.0257425	0.0219136	0.033139
95	0.0257137	0.0218538	0.0330901
96	0.0256847	0.0217883	0.0330351
97	0.0256557	0.0217153	0.0329726
98	0.0256271	0.0216326	0.0329008
99	0.0255997	0.021537	0.0328171
100	0.0255753	0.0214244	0.0327184
101	0.0255582	0.0212891	0.0326004
102	0.0255571	0.0211257	0.032459
103	0.0255864	0.0209408	0.0322974
104	0.0256412	0.0208019	0.032152
105	0.0256334	0.0208389	0.0320975
106	0.0255632	0.0209886	0.0321336
107	0.0255127	0.021112	0.0321927
108	0.0254804	0.0211863	0.0322423
109	0.0254557	0.0212267	0.0322786
110	0.0254345	0.0212468	0.0323044
111	0.0254155	0.0212547	0.0323227
112	0.025398	0.0212551	0.0323359
113	0.0253817	0.0212506	0.0323453
114	0.0253661	0.021243	0.0323519
115	0.0253512	0.0212331	0.0323566
116	0.0253368	0.0212219	0.0323597
117	0.0253228	0.0212096	0.0323617
118	0.025309	0.0211967	0.0323629
119	0.0252956	0.0211833	0.0323636
120	0.0252824	0.0211697	0.0323638
121	0.0252693	0.021156	0.0323638
122	0.0252565	0.0211422	0.0323636
123	0.0252438	0.0211284	0.0323634
124	0.0252313	0.0211147	0.0323633
125	0.0252189	0.0211011	0.0323631
126	0.0252066	0.0210876	0.032363
127	0.0251946	0.0210742	0.0323628
128	0.0251826	0.0210609	0.0323626
129	0.0251708	0.0210476	0.0323621
130	0.0251592	0.0210345	0.0323612
131	0.0251477	0.0210213	0.0323598
132	0.0251364	0.0210081	0.0323575
133	0.0251254	0.0209947	0.0323542
134	0.0251145	0.0209813	0.0323494
135	0.025104	0.0209676	0.0323431
136	0.0250938	0.0209539	0.0323349
137	0.0250839	0.0209399	0.0323247
138	0.0250745	0.0209259	0.0323128
139	0.0250655	0.020912	0.0322993
140	0.025057	0.0208983	0.0322847
141	0.025049	0.0208851	0.0322697
142	0.0250413	0.0208726	0.0322551
143	0.0250341	0.0208609	0.0322418
144	0.0250272	0.0208503	0.0322308
145	0.0250206	0.0208411	0.0322231
146	0.0250144	0.0208334	0.0322198
147	0.0250086	0.0208276	0.0322223
148	0.0250034	0.0208242	0.032232
149	0.024999	0.0208236	0.032251
150	0.0249958	0.0208267	0.0322817
151	0.0249942	0.0208344	0.0323271
152	0.0249949	0.020848	0.0323906
153	0.0249987	0.0208686	0.0324755
Salida porque no mejora el entrenamiento!!
PESOS DE LA RED
===============
Salida Esperada Vs Salida Obtenida (test)
=========================================
0.430996 -- 0.426911 
0.40083 -- 0.431054 
0.191116 -- 0.455161 
0.366144 -- 0.441665 
0.367519 -- 0.48425 
0.604647 -- 0.426779 
0.465379 -- 0.496287 
0.459066 -- 0.430935 
0.161198 -- 0.428277 
0.529216 -- 0.448984 
0.232835 -- 0.412876 
0.268985 -- 0.427295 
0.404717 -- 0.548746 
0.234433 -- 0.452463 
0.68694 -- 0.433733 
0.612588 -- 0.435553 
0.472511 -- 0.593333 
0.771912 -- 0.426977 
0.767634 -- 0.426856 
0.529077 -- 0.42681 
0.840582 -- 0.565622 
0.304584 -- 0.42916 
0.375972 -- 0.428827 
0.706528 -- 0.515361 
0.192498 -- 0.430038 
0 -- 0.453447 
0.445856 -- 0.430704 
0.199522 -- 0.430479 
0.473098 -- 0.357987 
0.517121 -- 0.427854 
0.125798 -- 0.341837 
0.399047 -- 0.429049 
0.360765 -- 0.505408 
0.61931 -- 0.432852 
0.419672 -- 0.428495 
0.657247 -- 0.427069 
0.461055 -- 0.474142 
0.650546 -- 0.590876 
0.321302 -- 0.427957 
0.623597 -- 0.564696 
0.461309 -- 0.488043 
Finalizamos => Error de test final: 0.0323271
**********
SEMILLA 5
**********
1	0.0313796	0.0593491	0.0462388
2	0.0330037	0.0611923	0.048228
3	0.0328619	0.0612672	0.0481001
4	0.0330542	0.0612788	0.0479564
5	0.0330873	0.0609861	0.0472785
6	0.0328389	0.0605629	0.046371
7	0.0324318	0.0601871	0.0457372
8	0.0321692	0.0600331	0.0455402
9	0.0320599	0.0600821	0.0456842
10	0.0320166	0.0602666	0.0461669
11	0.0321258	0.060539	0.0468965
12	0.0324083	0.0607139	0.0473466
13	0.0323254	0.0605086	0.0471023
14	0.0318376	0.0602016	0.0466898
15	0.031283	0.0597728	0.0461305
16	0.0308882	0.0591528	0.0453195
17	0.0306534	0.0585756	0.0445971
18	0.0304633	0.0580977	0.0440676
19	0.0303013	0.0578398	0.0437488
20	0.0302411	0.0577317	0.0436732
21	0.0302459	0.0579248	0.0441116
22	0.0303447	0.0585361	0.0451233
23	0.0304861	0.059098	0.0458801
24	0.030457	0.0591985	0.0459151
25	0.0303402	0.0590447	0.0456231
26	0.030231	0.0588234	0.0452778
27	0.0301625	0.0586318	0.0449887
28	0.0301394	0.0585111	0.0447934
29	0.0301394	0.0584777	0.04474
30	0.0301325	0.0585476	0.0449085
31	0.0300861	0.0585136	0.0450152
32	0.0299985	0.0583251	0.0449124
33	0.0299173	0.0581335	0.0447659
34	0.0298599	0.0579912	0.0446515
35	0.0298209	0.0578911	0.0445718
36	0.0297931	0.0578184	0.0445153
37	0.0297719	0.0577623	0.0444731
38	0.0297547	0.0577167	0.0444398
39	0.0297399	0.0576781	0.0444126
40	0.0297268	0.0576446	0.0443902
41	0.0297149	0.057615	0.0443719
42	0.0297038	0.0575889	0.0443574
43	0.0296934	0.0575659	0.0443468
44	0.0296837	0.0575461	0.0443402
45	0.0296746	0.0575294	0.0443378
46	0.0296662	0.0575162	0.0443399
47	0.0296584	0.0575067	0.044347
48	0.0296515	0.0575012	0.0443594
49	0.0296456	0.0575002	0.0443774
50	0.0296409	0.0575039	0.0444012
51	0.0296377	0.0575124	0.0444298
52	0.0296359	0.057524	0.0444603
53	0.0296349	0.0575339	0.0444846
54	0.0296314	0.0575264	0.0444805
55	0.0296138	0.0574561	0.0443923
56	0.0295515	0.0572097	0.0441047
57	0.0294144	0.0566372	0.0435187
58	0.0292509	0.055817	0.0427315
59	0.0291619	0.0551554	0.0420368
60	0.0291473	0.0547616	0.0416025
61	0.0291471	0.0545133	0.0413336
62	0.0291439	0.0543324	0.041146
63	0.0291349	0.054186	0.0410025
64	0.0291195	0.054062	0.0408908
65	0.0290964	0.053961	0.0408159
66	0.0290636	0.05389	0.040794
67	0.0290196	0.0538454	0.040831
68	0.0289681	0.0537995	0.0408999
69	0.0289179	0.0537306	0.0409585
70	0.0288735	0.0536489	0.0409875
71	0.0288325	0.0535634	0.0409848
72	0.0287917	0.0534669	0.040948
73	0.0287501	0.053348	0.0408723
74	0.0287085	0.0532018	0.0407574
75	0.0286683	0.0530359	0.0406169
76	0.0286317	0.0528769	0.0404865
77	0.028601	0.0527742	0.0404315
78	0.0285784	0.0527785	0.0405183
79	0.0285643	0.0528884	0.0407446
80	0.028553	0.0530468	0.0410335
81	0.0285359	0.0532057	0.0413198
82	0.028511	0.0533416	0.0415765
83	0.0284782	0.0534119	0.0417732
84	0.0284261	0.0533208	0.0418464
85	0.0283305	0.05295	0.0417082
86	0.0281729	0.0522309	0.0412841
87	0.027962	0.0512278	0.0406082
88	0.0277389	0.0501655	0.0399023
89	0.0275331	0.0491727	0.039289
90	0.0273433	0.0482578	0.0387515
91	0.0271638	0.0474221	0.0382712
92	0.0269905	0.0466559	0.0378326
93	0.0268199	0.0459382	0.0374242
94	0.0266504	0.0452496	0.0370414
95	0.0264842	0.044585	0.036687
96	0.0263259	0.0439582	0.0363678
97	0.0261803	0.0433905	0.036087
98	0.0260503	0.0428984	0.0358416
99	0.0259381	0.0424923	0.0356267
100	0.0258483	0.0421726	0.035438
101	0.0257862	0.0419084	0.0352618
102	0.0257448	0.0416255	0.03507
103	0.0256984	0.0412794	0.0348527
104	0.0256306	0.0409023	0.0346345
105	0.0255475	0.0405397	0.0344391
106	0.0254616	0.040206	0.0342702
107	0.0253784	0.0398941	0.0341217
108	0.025297	0.0395972	0.0339885
109	0.025217	0.0393154	0.033868
110	0.0251406	0.0390518	0.0337582
111	0.02507	0.0388084	0.0336569
112	0.0250064	0.0385849	0.0335625
113	0.0249499	0.0383794	0.0334736
114	0.0248997	0.0381889	0.0333887
115	0.024855	0.0380104	0.0333067
116	0.0248147	0.0378406	0.0332263
117	0.0247781	0.037677	0.0331468
118	0.0247445	0.0375178	0.0330677
119	0.0247135	0.0373618	0.0329887
120	0.0246848	0.0372085	0.0329101
121	0.0246582	0.037058	0.0328322
122	0.0246335	0.0369107	0.0327553
123	0.0246106	0.0367669	0.0326797
124	0.0245895	0.036627	0.0326058
125	0.02457	0.0364915	0.0325339
126	0.0245519	0.0363605	0.032464
127	0.0245352	0.0362342	0.0323963
128	0.0245196	0.0361126	0.032331
129	0.0245051	0.0359958	0.032268
130	0.0244915	0.0358838	0.0322074
131	0.0244787	0.0357765	0.0321492
132	0.0244665	0.0356739	0.0320934
133	0.0244547	0.035576	0.0320399
134	0.0244433	0.0354827	0.0319887
135	0.0244321	0.0353938	0.0319398
136	0.024421	0.0353093	0.031893
137	0.0244099	0.0352288	0.0318482
138	0.0243988	0.0351523	0.0318052
139	0.0243874	0.0350793	0.0317639
140	0.0243758	0.0350095	0.0317241
141	0.0243639	0.0349426	0.0316855
142	0.0243515	0.0348783	0.031648
143	0.0243388	0.0348162	0.0316113
144	0.0243256	0.0347559	0.0315752
145	0.0243119	0.0346971	0.0315396
146	0.0242978	0.0346395	0.0315043
147	0.024283	0.0345828	0.031469
148	0.0242678	0.0345267	0.0314337
149	0.0242519	0.0344711	0.0313982
150	0.0242356	0.0344157	0.0313625
151	0.0242187	0.0343604	0.0313264
152	0.0242012	0.034305	0.03129
153	0.0241832	0.0342494	0.031253
154	0.0241646	0.0341935	0.0312155
155	0.0241455	0.0341371	0.0311775
156	0.0241259	0.0340802	0.031139
157	0.0241058	0.0340228	0.0310998
158	0.0240852	0.0339647	0.0310601
159	0.0240641	0.0339058	0.0310198
160	0.0240426	0.0338462	0.0309788
161	0.0240205	0.0337858	0.0309373
162	0.023998	0.0337244	0.0308952
163	0.0239751	0.0336621	0.0308525
164	0.0239518	0.0335987	0.0308093
165	0.0239281	0.0335343	0.0307654
166	0.0239039	0.0334688	0.0307209
167	0.0238794	0.0334022	0.0306759
168	0.0238545	0.0333345	0.0306303
169	0.0238293	0.0332656	0.0305841
170	0.0238037	0.0331957	0.0305373
171	0.0237778	0.0331248	0.03049
172	0.0237515	0.0330528	0.0304421
173	0.023725	0.0329801	0.0303937
174	0.0236981	0.0329065	0.0303448
175	0.023671	0.0328324	0.0302954
176	0.0236436	0.0327577	0.0302454
177	0.023616	0.0326827	0.030195
178	0.0235881	0.0326076	0.0301442
179	0.0235601	0.0325324	0.0300929
180	0.0235319	0.0324574	0.0300411
181	0.0235036	0.0323827	0.029989
182	0.0234752	0.0323086	0.0299365
183	0.0234468	0.0322351	0.0298838
184	0.0234185	0.0321625	0.0298307
185	0.0233903	0.0320909	0.0297775
186	0.0233624	0.0320205	0.0297242
187	0.0233348	0.0319514	0.0296709
188	0.0233076	0.0318837	0.0296177
189	0.0232809	0.0318175	0.0295648
190	0.0232548	0.0317531	0.0295122
191	0.0232295	0.0316903	0.0294602
192	0.0232048	0.0316293	0.0294088
193	0.023181	0.0315702	0.0293583
194	0.0231581	0.0315129	0.0293088
195	0.023136	0.0314574	0.0292605
196	0.0231147	0.0314038	0.0292136
197	0.0230942	0.0313521	0.0291682
198	0.0230744	0.0313022	0.0291245
199	0.0230549	0.0312542	0.0290827
200	0.0230356	0.0312081	0.0290432
201	0.0230161	0.0311641	0.029006
202	0.0229958	0.0311224	0.0289717
203	0.0229738	0.0310835	0.0289406
204	0.0229487	0.031048	0.0289136
205	0.0229183	0.0310174	0.0288918
206	0.0228787	0.030994	0.0288775
207	0.0228228	0.0309826	0.0288747
208	0.0227361	0.030993	0.0288917
209	0.0225882	0.0310462	0.0289473
210	0.0223187	0.0311903	0.0290889
211	0.0218676	0.0315339	0.0294415
212	0.0214451	0.0320801	0.0300984
213	0.0213452	0.0325591	0.0308004
214	0.02138	0.0330159	0.0314608
215	0.0214261	0.0334228	0.0320138
216	0.0214588	0.0335392	0.0323683
217	0.0215705	0.0328554	0.0322152
218	0.0220464	0.0296094	0.0285683
219	0.0227338	0.0299642	0.028471
220	0.0228099	0.0300157	0.0284444
221	0.0228106	0.0299991	0.0284032
222	0.0228001	0.0299762	0.0283658
223	0.022785	0.0299547	0.0283329
224	0.0227678	0.0299352	0.0283036
225	0.0227496	0.0299175	0.0282771
226	0.0227308	0.0299011	0.0282528
227	0.0227116	0.0298858	0.0282305
228	0.0226921	0.0298712	0.0282098
229	0.022672	0.0298571	0.0281904
230	0.0226513	0.0298433	0.0281723
231	0.0226299	0.0298297	0.0281551
232	0.0226077	0.0298162	0.0281388
233	0.0225847	0.0298027	0.0281231
234	0.0225608	0.0297895	0.028108
235	0.0225361	0.0297764	0.0280933
236	0.0225106	0.0297635	0.028079
237	0.0224842	0.0297511	0.0280649
238	0.0224572	0.0297392	0.028051
239	0.0224295	0.0297278	0.0280372
240	0.0224013	0.0297171	0.0280235
241	0.0223729	0.0297073	0.02801
242	0.0223446	0.0296982	0.0279965
243	0.022317	0.02969	0.0279831
244	0.0222912	0.0296826	0.0279698
245	0.0222692	0.0296754	0.0279569
246	0.0222548	0.0296678	0.0279447
247	0.0222551	0.029658	0.0279343
248	0.0222831	0.0296435	0.0279293
249	0.0223476	0.0296231	0.0279375
250	0.0224103	0.0295981	0.0279555
251	0.0224111	0.029566	0.0279613
252	0.022334	0.0295395	0.0279675
253	0.0221853	0.0295154	0.0279858
254	0.0219862	0.0294774	0.0280115
255	0.0217549	0.0294231	0.0280453
256	0.0215077	0.0293654	0.0280957
257	0.0212582	0.0293217	0.0281717
258	0.0210202	0.0293001	0.028271
259	0.0208104	0.0292852	0.0283629
260	0.0206461	0.0292348	0.0283814
261	0.0205413	0.0291066	0.0282536
262	0.0204999	0.0289415	0.028005
263	0.0204968	0.0288882	0.0278365
264	0.0204982	0.0289853	0.0278458
265	0.0204575	0.0291323	0.0279529
266	0.0203326	0.0292274	0.0280463
267	0.0201822	0.0292796	0.028102
268	0.0200341	0.0292985	0.0281167
269	0.0198964	0.0292855	0.0280927
270	0.0197758	0.0292461	0.0280422
271	0.0196761	0.0291887	0.0279839
272	0.0195939	0.0291197	0.0279325
273	0.0195214	0.0290444	0.0278917
274	0.0194527	0.0289703	0.0278565
275	0.0193865	0.0289035	0.0278203
276	0.0193238	0.0288468	0.0277806
277	0.0192665	0.0288004	0.0277393
278	0.0192156	0.0287624	0.027699
279	0.0191716	0.0287307	0.0276614
280	0.0191347	0.0287028	0.0276271
281	0.0191041	0.0286769	0.027596
282	0.0190793	0.0286515	0.0275675
283	0.0190594	0.0286258	0.0275413
284	0.0190436	0.0285997	0.027517
285	0.0190314	0.028573	0.0274942
286	0.019022	0.0285459	0.0274727
287	0.019015	0.0285185	0.0274523
288	0.01901	0.0284908	0.0274327
289	0.0190068	0.028463	0.0274138
290	0.0190052	0.0284348	0.0273955
291	0.0190049	0.0284064	0.0273778
292	0.0190058	0.0283778	0.0273606
293	0.0190079	0.0283489	0.0273438
294	0.0190111	0.02832	0.0273275
295	0.0190153	0.0282912	0.0273117
296	0.0190206	0.0282628	0.0272966
297	0.0190268	0.0282351	0.0272824
298	0.019034	0.0282086	0.0272692
299	0.0190423	0.0281839	0.0272573
300	0.0190515	0.0281616	0.0272471
301	0.0190617	0.0281426	0.0272386
302	0.0190727	0.028128	0.0272315
303	0.0190846	0.0281185	0.0272251
304	0.0190972	0.0281147	0.027218
305	0.0191106	0.0281161	0.0272076
306	0.0191251	0.0281208	0.0271914
307	0.0191414	0.028125	0.0271676
308	0.0191604	0.0281246	0.0271379
309	0.0191825	0.0281179	0.0271072
310	0.0192066	0.0281069	0.0270814
311	0.0192291	0.0280951	0.027063
312	0.0192465	0.028085	0.0270505
313	0.0192575	0.0280772	0.0270413
314	0.0192634	0.0280711	0.0270337
315	0.0192661	0.0280661	0.0270271
316	0.0192673	0.0280611	0.0270215
317	0.0192677	0.0280557	0.0270166
318	0.019268	0.0280495	0.0270124
319	0.0192682	0.0280425	0.0270087
320	0.0192683	0.0280347	0.0270053
321	0.0192685	0.0280263	0.0270021
322	0.0192686	0.0280174	0.0269991
323	0.0192687	0.0280081	0.0269961
324	0.0192688	0.0279986	0.0269933
325	0.0192689	0.0279888	0.0269904
326	0.019269	0.0279789	0.0269877
327	0.0192691	0.027969	0.026985
328	0.0192693	0.027959	0.0269824
329	0.0192695	0.027949	0.0269799
330	0.0192697	0.027939	0.0269774
331	0.01927	0.027929	0.026975
332	0.0192704	0.0279191	0.0269727
333	0.0192709	0.0279092	0.0269704
334	0.0192714	0.0278994	0.0269682
335	0.019272	0.0278896	0.0269661
336	0.0192727	0.0278798	0.0269641
337	0.0192735	0.0278702	0.0269621
338	0.0192744	0.0278606	0.0269602
339	0.0192753	0.0278511	0.0269584
340	0.0192764	0.0278416	0.0269568
341	0.0192775	0.0278323	0.0269552
342	0.0192787	0.0278232	0.0269538
343	0.0192799	0.0278141	0.0269525
Salida porque no mejora el entrenamiento!!
PESOS DE LA RED
===============
Salida Esperada Vs Salida Obtenida (test)
=========================================
0.430996 -- 0.381608 
0.40083 -- 0.458667 
0.191116 -- 0.318487 
0.366144 -- 0.326418 
0.367519 -- 0.379535 
0.604647 -- 0.381749 
0.465379 -- 0.437156 
0.459066 -- 0.449778 
0.161198 -- 0.385042 
0.529216 -- 0.317958 
0.232835 -- 0.328581 
0.268985 -- 0.382458 
0.404717 -- 0.64849 
0.234433 -- 0.359392 
0.68694 -- 0.605039 
0.612588 -- 0.517071 
0.472511 -- 0.546665 
0.771912 -- 0.38161 
0.767634 -- 0.381609 
0.529077 -- 0.38179 
0.840582 -- 0.645703 
0.304584 -- 0.390811 
0.375972 -- 0.387995 
0.706528 -- 0.54574 
0.192498 -- 0.406269 
0 -- 0.317961 
0.445856 -- 0.434603 
0.199522 -- 0.422642 
0.473098 -- 0.286399 
0.517121 -- 0.383644 
0.125798 -- 0.273549 
0.399047 -- 0.389757 
0.360765 -- 0.489264 
0.61931 -- 0.588373 
0.419672 -- 0.386022 
0.657247 -- 0.382121 
0.461055 -- 0.346018 
0.650546 -- 0.533446 
0.321302 -- 0.383935 
0.623597 -- 0.474086 
0.461309 -- 0.395766 
Finalizamos => Error de test final: 0.0269515
HEMOS TERMINADO TODAS LAS SEMILLAS
INFORME FINAL
*************
Error de entrenamiento (Media +- DT): 0.0218569 +- 0.0101945
Error de test (Media +- DT):          0.0290566 +- 0.0114917
