**********
SEMILLA 1
**********
1	0.0314599	0	0.0412568
2	0.0316134	0	0.0414683
3	0.0310951	0	0.0404409
4	0.0307881	0	0.0396405
5	0.0304984	0	0.0389841
6	0.0302111	0	0.0385418
7	0.0299796	0	0.038319
8	0.0298272	0	0.0383072
9	0.0297513	0	0.0384699
10	0.0297565	0	0.038777
11	0.0297946	0	0.0390725
12	0.0297401	0	0.039066
13	0.0295858	0	0.0387393
14	0.0294276	0	0.0382973
15	0.0293242	0	0.0378973
16	0.0292773	0	0.0375924
17	0.029267	0	0.0373802
18	0.0292743	0	0.0372446
19	0.0292868	0	0.0371706
20	0.0292986	0	0.0371438
21	0.0293087	0	0.0371472
22	0.029318	0	0.0371608
23	0.0293267	0	0.0371695
24	0.029334	0	0.0371675
25	0.0293392	0	0.0371559
26	0.0293422	0	0.0371381
27	0.0293429	0	0.0371176
28	0.0293417	0	0.0370968
29	0.0293386	0	0.0370777
30	0.029334	0	0.0370614
31	0.0293282	0	0.037049
32	0.0293213	0	0.037041
33	0.0293138	0	0.037038
34	0.0293058	0	0.0370403
35	0.0292976	0	0.0370478
36	0.0292894	0	0.0370602
37	0.0292814	0	0.037077
38	0.0292737	0	0.0370974
39	0.0292661	0	0.0371206
40	0.0292588	0	0.0371455
41	0.0292515	0	0.0371712
42	0.0292441	0	0.037197
43	0.0292365	0	0.0372221
44	0.0292285	0	0.0372459
45	0.0292201	0	0.0372681
46	0.0292112	0	0.0372884
47	0.0292017	0	0.0373066
48	0.0291914	0	0.0373226
49	0.0291805	0	0.0373363
50	0.0291688	0	0.0373477
51	0.0291564	0	0.0373568
52	0.0291431	0	0.0373637
53	0.0291292	0	0.0373683
54	0.0291144	0	0.0373706
55	0.0290989	0	0.0373707
56	0.0290827	0	0.0373684
57	0.0290657	0	0.0373637
58	0.029048	0	0.0373566
59	0.0290296	0	0.037347
60	0.0290105	0	0.0373349
61	0.0289908	0	0.0373203
62	0.0289705	0	0.0373033
63	0.0289495	0	0.0372838
64	0.0289281	0	0.0372622
65	0.0289062	0	0.0372387
66	0.0288839	0	0.0372137
67	0.0288612	0	0.0371878
68	0.0288384	0	0.0371613
69	0.0288153	0	0.037135
70	0.0287921	0	0.0371091
71	0.0287687	0	0.0370841
72	0.0287452	0	0.0370602
73	0.0287214	0	0.0370373
74	0.0286973	0	0.0370156
75	0.0286727	0	0.036995
76	0.0286477	0	0.0369755
77	0.0286222	0	0.0369573
78	0.0285963	0	0.0369402
79	0.0285702	0	0.0369243
80	0.0285443	0	0.0369092
81	0.028519	0	0.0368937
82	0.0284948	0	0.0368762
83	0.0284718	0	0.0368553
84	0.02845	0	0.0368305
85	0.0284289	0	0.0368026
86	0.0284082	0	0.0367733
87	0.0283872	0	0.0367441
88	0.0283658	0	0.0367161
89	0.0283435	0	0.0366894
90	0.0283205	0	0.036664
91	0.0282966	0	0.0366397
92	0.0282719	0	0.0366162
93	0.0282465	0	0.0365935
94	0.0282204	0	0.0365714
95	0.0281937	0	0.0365498
96	0.0281663	0	0.0365289
97	0.0281385	0	0.0365085
98	0.0281102	0	0.0364889
99	0.0280814	0	0.03647
100	0.0280522	0	0.0364519
101	0.0280226	0	0.0364349
102	0.0279927	0	0.0364191
103	0.0279626	0	0.0364047
104	0.0279324	0	0.0363922
105	0.0279023	0	0.036382
106	0.0278727	0	0.036375
107	0.0278442	0	0.0363726
108	0.0278182	0	0.0363772
109	0.0277977	0	0.0363939
110	0.0277907	0	0.0364349
111	0.0278196	0	0.0365322
112	0.027908	0	0.0367195
113	0.0279284	0	0.0368188
114	0.0278638	0	0.0368004
115	0.0277912	0	0.0367794
116	0.0277183	0	0.0367637
117	0.0276414	0	0.0367439
118	0.0275581	0	0.0367146
119	0.0274674	0	0.0366713
120	0.0273686	0	0.0366082
121	0.0272608	0	0.036517
122	0.0271438	0	0.0363863
123	0.0270184	0	0.0362034
124	0.0268885	0	0.0359628
125	0.0267613	0	0.0356806
126	0.0266437	0	0.0353977
127	0.0265372	0	0.0351521
128	0.0264391	0	0.0349536
129	0.0263465	0	0.0347918
130	0.0262585	0	0.0346541
131	0.0261748	0	0.0345312
132	0.0260954	0	0.034418
133	0.0260202	0	0.0343117
134	0.0259494	0	0.0342107
135	0.0258826	0	0.0341142
136	0.0258198	0	0.0340215
137	0.0257608	0	0.0339324
138	0.0257053	0	0.0338467
139	0.0256532	0	0.0337641
140	0.0256041	0	0.0336844
141	0.0255579	0	0.0336075
142	0.0255143	0	0.0335332
143	0.0254731	0	0.0334614
144	0.0254342	0	0.0333919
145	0.0253972	0	0.0333245
146	0.0253622	0	0.0332592
147	0.0253288	0	0.0331959
148	0.025297	0	0.0331343
149	0.0252667	0	0.0330745
150	0.0252376	0	0.0330163
151	0.0252097	0	0.0329596
152	0.0251829	0	0.0329044
153	0.0251571	0	0.0328504
154	0.0251322	0	0.0327977
155	0.0251082	0	0.0327462
156	0.0250849	0	0.0326957
157	0.0250623	0	0.0326463
158	0.0250404	0	0.0325977
159	0.025019	0	0.03255
160	0.0249982	0	0.0325032
161	0.0249779	0	0.032457
162	0.024958	0	0.0324114
163	0.0249385	0	0.0323664
164	0.0249194	0	0.0323219
165	0.0249006	0	0.0322777
166	0.024882	0	0.0322339
167	0.0248637	0	0.0321903
168	0.0248455	0	0.0321469
169	0.0248275	0	0.0321034
170	0.0248096	0	0.0320599
171	0.0247916	0	0.0320161
172	0.0247736	0	0.031972
173	0.0247555	0	0.0319272
174	0.024737	0	0.0318817
175	0.0247182	0	0.031835
176	0.0246989	0	0.0317868
177	0.0246788	0	0.0317366
178	0.0246578	0	0.0316838
179	0.0246354	0	0.0316278
180	0.0246113	0	0.0315675
181	0.0245852	0	0.0315018
182	0.0245565	0	0.0314295
183	0.0245249	0	0.0313496
184	0.0244905	0	0.0312613
185	0.0244537	0	0.0311652
186	0.0244158	0	0.0310635
187	0.0243791	0	0.0309604
188	0.0243454	0	0.0308613
189	0.0243161	0	0.0307712
190	0.0242913	0	0.0306934
191	0.02427	0	0.0306288
192	0.0242509	0	0.0305767
193	0.0242327	0	0.0305353
194	0.0242146	0	0.0305026
195	0.0241958	0	0.0304769
196	0.024176	0	0.0304565
197	0.0241549	0	0.0304406
198	0.0241323	0	0.0304281
199	0.0241081	0	0.0304186
200	0.0240821	0	0.0304116
201	0.0240543	0	0.0304063
202	0.0240248	0	0.0304022
203	0.0239937	0	0.0303983
204	0.0239613	0	0.0303934
205	0.0239279	0	0.0303866
206	0.0238935	0	0.0303773
207	0.0238585	0	0.0303652
208	0.0238227	0	0.0303505
209	0.023786	0	0.0303337
210	0.0237483	0	0.0303154
211	0.0237092	0	0.0302963
212	0.0236684	0	0.0302773
213	0.0236253	0	0.030259
214	0.0235794	0	0.0302423
215	0.0235297	0	0.0302277
216	0.0234752	0	0.0302159
217	0.0234145	0	0.0302068
218	0.0233457	0	0.0301992
219	0.0232671	0	0.0301887
220	0.0231784	0	0.0301639
221	0.0230822	0	0.0301044
222	0.0229839	0	0.0299897
223	0.0228873	0	0.0298232
224	0.0227916	0	0.0296365
225	0.0226946	0	0.0294593
226	0.0225939	0	0.0293007
227	0.0224882	0	0.0291561
228	0.0223765	0	0.0290184
229	0.0222586	0	0.0288822
230	0.0221346	0	0.0287445
231	0.0220047	0	0.028604
232	0.0218694	0	0.0284602
233	0.0217291	0	0.028313
234	0.0215843	0	0.0281627
235	0.0214355	0	0.0280096
236	0.0212833	0	0.0278539
237	0.0211282	0	0.0276962
238	0.0209708	0	0.0275367
239	0.0208115	0	0.0273759
240	0.0206509	0	0.0272142
241	0.0204895	0	0.0270519
242	0.0203278	0	0.0268894
243	0.0201662	0	0.026727
244	0.0200051	0	0.026565
245	0.0198449	0	0.0264036
246	0.019686	0	0.0262432
247	0.0195287	0	0.0260839
248	0.0193732	0	0.025926
249	0.0192199	0	0.0257696
250	0.0190689	0	0.0256149
251	0.0189206	0	0.0254622
252	0.0187751	0	0.0253115
253	0.0186325	0	0.025163
254	0.018493	0	0.0250167
255	0.0183569	0	0.024873
256	0.018224	0	0.0247317
257	0.0180947	0	0.0245931
258	0.0179689	0	0.0244572
259	0.0178467	0	0.0243241
260	0.0177282	0	0.0241939
261	0.0176134	0	0.0240667
262	0.0175024	0	0.0239425
263	0.0173951	0	0.0238214
264	0.0172916	0	0.0237035
265	0.0171919	0	0.0235888
266	0.017096	0	0.0234773
267	0.0170038	0	0.0233692
268	0.0169154	0	0.0232645
269	0.0168306	0	0.0231632
270	0.0167496	0	0.0230655
271	0.0166723	0	0.0229715
272	0.0165985	0	0.0228811
273	0.0165283	0	0.0227947
274	0.0164617	0	0.0227123
275	0.0163985	0	0.0226341
276	0.0163386	0	0.0225603
277	0.0162819	0	0.0224912
278	0.0162282	0	0.0224272
279	0.0161771	0	0.0223686
280	0.0161283	0	0.0223156
281	0.0160812	0	0.0222686
282	0.0160349	0	0.0222278
283	0.0159885	0	0.0221927
284	0.0159412	0	0.0221628
285	0.0158926	0	0.0221367
286	0.0158428	0	0.022113
287	0.0157931	0	0.0220901
288	0.0157452	0	0.0220672
289	0.0157013	0	0.022044
290	0.0156631	0	0.0220207
291	0.0156324	0	0.0219975
292	0.0156107	0	0.0219717
293	0.0155986	0	0.0219284
294	0.0155903	0	0.0218075
295	0.0155788	0	0.0215482
296	0.0155596	0	0.0213496
297	0.0155273	0	0.0212252
298	0.0154908	0	0.0211249
299	0.015449	0	0.0210552
300	0.0154013	0	0.0210065
301	0.0153543	0	0.0209659
302	0.0153119	0	0.0209293
303	0.0152743	0	0.0208953
304	0.0152405	0	0.0208634
305	0.0152099	0	0.0208332
306	0.0151817	0	0.0208044
307	0.0151556	0	0.020777
308	0.0151311	0	0.0207509
309	0.0151081	0	0.020726
310	0.0150863	0	0.0207023
311	0.0150656	0	0.0206796
312	0.0150459	0	0.0206579
313	0.015027	0	0.0206372
314	0.015009	0	0.0206174
315	0.0149917	0	0.0205985
316	0.0149751	0	0.0205804
317	0.0149592	0	0.020563
318	0.0149438	0	0.0205464
319	0.014929	0	0.0205305
320	0.0149146	0	0.0205153
321	0.0149008	0	0.0205007
322	0.0148874	0	0.0204867
323	0.0148744	0	0.0204733
324	0.0148618	0	0.0204605
325	0.0148496	0	0.0204482
326	0.0148378	0	0.0204363
327	0.0148263	0	0.020425
328	0.0148151	0	0.0204141
329	0.0148041	0	0.0204037
330	0.0147935	0	0.0203936
331	0.0147832	0	0.020384
332	0.0147731	0	0.0203748
333	0.0147632	0	0.020366
334	0.0147536	0	0.0203575
335	0.0147442	0	0.0203493
336	0.0147351	0	0.0203415
337	0.0147261	0	0.020334
338	0.0147173	0	0.0203269
339	0.0147087	0	0.02032
340	0.0147003	0	0.0203134
341	0.0146921	0	0.0203071
342	0.014684	0	0.020301
343	0.0146761	0	0.0202952
344	0.0146683	0	0.0202897
345	0.0146607	0	0.0202844
346	0.0146532	0	0.0202793
347	0.0146459	0	0.0202745
348	0.0146387	0	0.0202699
349	0.0146316	0	0.0202655
350	0.0146247	0	0.0202613
351	0.0146179	0	0.0202573
352	0.0146112	0	0.0202535
353	0.0146046	0	0.0202499
354	0.0145981	0	0.0202464
355	0.0145918	0	0.0202432
356	0.0145855	0	0.0202401
357	0.0145794	0	0.0202372
358	0.0145734	0	0.0202345
359	0.0145674	0	0.0202319
360	0.0145616	0	0.0202294
361	0.0145558	0	0.0202272
362	0.0145502	0	0.020225
363	0.0145446	0	0.0202231
364	0.0145392	0	0.0202212
365	0.0145338	0	0.0202195
366	0.0145285	0	0.0202179
367	0.0145233	0	0.0202165
368	0.0145182	0	0.0202152
369	0.0145132	0	0.020214
370	0.0145082	0	0.0202129
371	0.0145033	0	0.0202119
372	0.0144985	0	0.0202111
373	0.0144938	0	0.0202103
374	0.0144892	0	0.0202097
375	0.0144846	0	0.0202092
376	0.0144801	0	0.0202088
377	0.0144757	0	0.0202085
378	0.0144713	0	0.0202083
379	0.014467	0	0.0202081
380	0.0144628	0	0.0202081
381	0.0144587	0	0.0202082
382	0.0144546	0	0.0202083
383	0.0144506	0	0.0202086
384	0.0144466	0	0.0202089
385	0.0144427	0	0.0202093
386	0.0144389	0	0.0202098
387	0.0144352	0	0.0202103
388	0.0144315	0	0.020211
389	0.0144278	0	0.0202117
390	0.0144242	0	0.0202125
391	0.0144207	0	0.0202133
392	0.0144172	0	0.0202142
393	0.0144138	0	0.0202152
394	0.0144104	0	0.0202163
395	0.0144071	0	0.0202174
396	0.0144039	0	0.0202185
397	0.0144007	0	0.0202198
398	0.0143975	0	0.0202211
399	0.0143944	0	0.0202224
400	0.0143914	0	0.0202238
401	0.0143884	0	0.0202252
402	0.0143854	0	0.0202267
403	0.0143825	0	0.0202283
404	0.0143796	0	0.0202299
405	0.0143768	0	0.0202316
406	0.0143741	0	0.0202332
407	0.0143713	0	0.020235
408	0.0143686	0	0.0202368
409	0.014366	0	0.0202386
410	0.0143634	0	0.0202405
411	0.0143608	0	0.0202424
412	0.0143583	0	0.0202443
413	0.0143558	0	0.0202463
414	0.0143534	0	0.0202483
415	0.014351	0	0.0202504
416	0.0143486	0	0.0202525
417	0.0143463	0	0.0202546
418	0.014344	0	0.0202567
419	0.0143418	0	0.0202589
420	0.0143396	0	0.0202611
421	0.0143374	0	0.0202634
422	0.0143352	0	0.0202657
423	0.0143331	0	0.020268
424	0.014331	0	0.0202703
425	0.014329	0	0.0202726
426	0.0143269	0	0.020275
427	0.0143249	0	0.0202774
428	0.014323	0	0.0202799
429	0.0143211	0	0.0202823
430	0.0143192	0	0.0202848
431	0.0143173	0	0.0202873
432	0.0143154	0	0.0202898
433	0.0143136	0	0.0202923
434	0.0143118	0	0.0202949
435	0.0143101	0	0.0202975
436	0.0143083	0	0.0203001
437	0.0143066	0	0.0203027
438	0.0143049	0	0.0203053
439	0.0143033	0	0.020308
440	0.0143016	0	0.0203106
441	0.0143	0	0.0203133
442	0.0142984	0	0.020316
443	0.0142969	0	0.0203187
444	0.0142953	0	0.0203214
445	0.0142938	0	0.0203242
446	0.0142923	0	0.0203269
447	0.0142908	0	0.0203297
448	0.0142894	0	0.0203324
449	0.014288	0	0.0203352
450	0.0142865	0	0.020338
451	0.0142851	0	0.0203408
452	0.0142838	0	0.0203436
453	0.0142824	0	0.0203464
454	0.0142811	0	0.0203493
455	0.0142798	0	0.0203521
456	0.0142785	0	0.0203549
457	0.0142772	0	0.0203578
458	0.0142759	0	0.0203606
459	0.0142747	0	0.0203635
460	0.0142734	0	0.0203664
461	0.0142722	0	0.0203692
462	0.014271	0	0.0203721
463	0.0142698	0	0.020375
464	0.0142687	0	0.0203779
465	0.0142675	0	0.0203808
466	0.0142664	0	0.0203837
467	0.0142652	0	0.0203866
468	0.0142641	0	0.0203895
469	0.014263	0	0.0203924
470	0.014262	0	0.0203953
471	0.0142609	0	0.0203982
472	0.0142598	0	0.0204011
473	0.0142588	0	0.020404
474	0.0142578	0	0.0204069
475	0.0142567	0	0.0204098
476	0.0142557	0	0.0204127
477	0.0142547	0	0.0204156
478	0.0142538	0	0.0204186
479	0.0142528	0	0.0204215
480	0.0142518	0	0.0204244
481	0.0142509	0	0.0204273
482	0.01425	0	0.0204302
483	0.014249	0	0.020433
484	0.0142481	0	0.0204359
485	0.0142472	0	0.0204388
486	0.0142463	0	0.0204417
487	0.0142454	0	0.0204446
488	0.0142446	0	0.0204475
489	0.0142437	0	0.0204503
490	0.0142428	0	0.0204532
491	0.014242	0	0.020456
492	0.0142412	0	0.0204589
493	0.0142403	0	0.0204617
494	0.0142395	0	0.0204646
495	0.0142387	0	0.0204674
496	0.0142379	0	0.0204702
497	0.0142371	0	0.020473
498	0.0142363	0	0.0204759
499	0.0142355	0	0.0204787
500	0.0142348	0	0.0204814
501	0.014234	0	0.0204842
502	0.0142332	0	0.020487
503	0.0142325	0	0.0204898
504	0.0142317	0	0.0204925
505	0.014231	0	0.0204953
506	0.0142303	0	0.020498
507	0.0142295	0	0.0205007
508	0.0142288	0	0.0205034
509	0.0142281	0	0.0205061
510	0.0142274	0	0.0205088
511	0.0142267	0	0.0205115
512	0.014226	0	0.0205142
513	0.0142253	0	0.0205168
514	0.0142246	0	0.0205195
515	0.014224	0	0.0205221
516	0.0142233	0	0.0205247
517	0.0142226	0	0.0205273
518	0.014222	0	0.0205299
519	0.0142213	0	0.0205325
520	0.0142207	0	0.0205351
521	0.01422	0	0.0205377
522	0.0142194	0	0.0205402
523	0.0142187	0	0.0205427
524	0.0142181	0	0.0205452
525	0.0142175	0	0.0205478
526	0.0142169	0	0.0205502
527	0.0142162	0	0.0205527
528	0.0142156	0	0.0205552
529	0.014215	0	0.0205576
530	0.0142144	0	0.0205601
531	0.0142138	0	0.0205625
532	0.0142132	0	0.0205649
533	0.0142126	0	0.0205673
534	0.014212	0	0.0205697
535	0.0142114	0	0.020572
536	0.0142108	0	0.0205744
537	0.0142102	0	0.0205767
538	0.0142096	0	0.020579
539	0.0142091	0	0.0205813
540	0.0142085	0	0.0205836
541	0.0142079	0	0.0205859
542	0.0142073	0	0.0205882
543	0.0142068	0	0.0205904
544	0.0142062	0	0.0205927
545	0.0142056	0	0.0205949
546	0.0142051	0	0.0205971
547	0.0142045	0	0.0205993
548	0.014204	0	0.0206015
549	0.0142034	0	0.0206036
550	0.0142028	0	0.0206058
551	0.0142023	0	0.0206079
552	0.0142017	0	0.0206101
553	0.0142012	0	0.0206122
554	0.0142007	0	0.0206143
555	0.0142001	0	0.0206164
556	0.0141996	0	0.0206185
557	0.014199	0	0.0206205
558	0.0141985	0	0.0206226
559	0.0141979	0	0.0206246
560	0.0141974	0	0.0206266
561	0.0141969	0	0.0206287
562	0.0141963	0	0.0206307
563	0.0141958	0	0.0206327
564	0.0141953	0	0.0206346
565	0.0141947	0	0.0206366
566	0.0141942	0	0.0206386
567	0.0141937	0	0.0206405
568	0.0141931	0	0.0206425
569	0.0141926	0	0.0206444
570	0.0141921	0	0.0206463
571	0.0141916	0	0.0206482
572	0.014191	0	0.0206501
573	0.0141905	0	0.020652
574	0.01419	0	0.0206539
575	0.0141895	0	0.0206558
576	0.0141889	0	0.0206577
577	0.0141884	0	0.0206596
578	0.0141879	0	0.0206614
579	0.0141874	0	0.0206633
580	0.0141869	0	0.0206652
581	0.0141863	0	0.020667
582	0.0141858	0	0.0206688
583	0.0141853	0	0.0206707
584	0.0141848	0	0.0206725
585	0.0141843	0	0.0206744
586	0.0141837	0	0.0206762
587	0.0141832	0	0.020678
588	0.0141827	0	0.0206799
589	0.0141822	0	0.0206817
590	0.0141817	0	0.0206835
591	0.0141811	0	0.0206853
592	0.0141806	0	0.0206872
593	0.0141801	0	0.020689
594	0.0141796	0	0.0206908
595	0.0141791	0	0.0206927
596	0.0141785	0	0.0206945
597	0.014178	0	0.0206963
598	0.0141775	0	0.0206982
599	0.014177	0	0.0207
600	0.0141764	0	0.0207018
601	0.0141759	0	0.0207037
602	0.0141754	0	0.0207055
603	0.0141749	0	0.0207073
604	0.0141743	0	0.0207092
605	0.0141738	0	0.020711
606	0.0141733	0	0.0207129
607	0.0141727	0	0.0207147
608	0.0141722	0	0.0207166
609	0.0141717	0	0.0207184
610	0.0141711	0	0.0207202
611	0.0141706	0	0.0207221
612	0.0141701	0	0.0207239
613	0.0141695	0	0.0207257
614	0.014169	0	0.0207275
615	0.0141684	0	0.0207293
616	0.0141678	0	0.0207311
617	0.0141673	0	0.0207329
618	0.0141667	0	0.0207347
619	0.0141661	0	0.0207365
620	0.0141656	0	0.0207382
621	0.014165	0	0.02074
622	0.0141644	0	0.0207417
623	0.0141638	0	0.0207434
624	0.0141632	0	0.0207451
625	0.0141626	0	0.0207468
626	0.014162	0	0.0207485
627	0.0141614	0	0.0207502
628	0.0141608	0	0.0207518
629	0.0141602	0	0.0207534
630	0.0141596	0	0.0207551
631	0.014159	0	0.0207567
632	0.0141584	0	0.0207583
633	0.0141577	0	0.0207599
634	0.0141571	0	0.0207614
635	0.0141565	0	0.020763
636	0.0141558	0	0.0207645
637	0.0141552	0	0.020766
638	0.0141545	0	0.0207676
639	0.0141539	0	0.0207691
640	0.0141532	0	0.0207706
641	0.0141526	0	0.020772
642	0.0141519	0	0.0207735
643	0.0141512	0	0.020775
644	0.0141506	0	0.0207764
645	0.0141499	0	0.0207779
646	0.0141492	0	0.0207793
647	0.0141485	0	0.0207807
648	0.0141479	0	0.0207821
649	0.0141472	0	0.0207835
650	0.0141465	0	0.0207849
651	0.0141458	0	0.0207863
652	0.0141451	0	0.0207876
653	0.0141444	0	0.020789
654	0.0141437	0	0.0207904
655	0.014143	0	0.0207917
656	0.0141423	0	0.020793
657	0.0141416	0	0.0207944
658	0.0141409	0	0.0207957
659	0.0141401	0	0.020797
660	0.0141394	0	0.0207983
661	0.0141387	0	0.0207996
662	0.014138	0	0.0208009
663	0.0141372	0	0.0208022
664	0.0141365	0	0.0208034
665	0.0141358	0	0.0208047
666	0.0141351	0	0.020806
667	0.0141343	0	0.0208072
668	0.0141336	0	0.0208085
669	0.0141328	0	0.0208097
670	0.0141321	0	0.0208109
671	0.0141313	0	0.0208121
672	0.0141306	0	0.0208134
673	0.0141298	0	0.0208146
674	0.0141291	0	0.0208158
675	0.0141283	0	0.020817
676	0.0141276	0	0.0208182
677	0.0141268	0	0.0208194
678	0.014126	0	0.0208206
679	0.0141253	0	0.0208218
680	0.0141245	0	0.020823
681	0.0141237	0	0.0208241
682	0.0141229	0	0.0208253
683	0.0141221	0	0.0208265
684	0.0141214	0	0.0208276
685	0.0141206	0	0.0208288
686	0.0141198	0	0.0208299
687	0.014119	0	0.0208311
688	0.0141182	0	0.0208322
689	0.0141174	0	0.0208334
690	0.0141166	0	0.0208345
691	0.0141158	0	0.0208357
692	0.014115	0	0.0208368
693	0.0141142	0	0.0208379
694	0.0141134	0	0.0208391
695	0.0141126	0	0.0208402
696	0.0141118	0	0.0208413
697	0.014111	0	0.0208425
698	0.0141101	0	0.0208436
699	0.0141093	0	0.0208447
700	0.0141085	0	0.0208458
701	0.0141077	0	0.0208469
702	0.0141069	0	0.020848
703	0.014106	0	0.0208492
704	0.0141052	0	0.0208503
705	0.0141044	0	0.0208514
706	0.0141035	0	0.0208525
707	0.0141027	0	0.0208536
708	0.0141018	0	0.0208547
709	0.014101	0	0.0208558
710	0.0141001	0	0.0208569
711	0.0140993	0	0.020858
712	0.0140984	0	0.0208591
713	0.0140976	0	0.0208602
714	0.0140967	0	0.0208613
715	0.0140959	0	0.0208624
716	0.014095	0	0.0208635
717	0.0140941	0	0.0208646
718	0.0140933	0	0.0208657
719	0.0140924	0	0.0208668
720	0.0140915	0	0.0208679
721	0.0140906	0	0.020869
722	0.0140898	0	0.0208701
723	0.0140889	0	0.0208711
724	0.014088	0	0.0208722
725	0.0140871	0	0.0208733
726	0.0140862	0	0.0208744
727	0.0140853	0	0.0208755
728	0.0140844	0	0.0208766
729	0.0140836	0	0.0208777
730	0.0140827	0	0.0208788
731	0.0140818	0	0.0208799
732	0.0140809	0	0.020881
733	0.0140799	0	0.0208821
734	0.014079	0	0.0208832
735	0.0140781	0	0.0208842
736	0.0140772	0	0.0208853
737	0.0140763	0	0.0208864
738	0.0140754	0	0.0208875
739	0.0140745	0	0.0208886
740	0.0140735	0	0.0208897
741	0.0140726	0	0.0208908
742	0.0140717	0	0.0208919
743	0.0140708	0	0.020893
744	0.0140698	0	0.0208941
745	0.0140689	0	0.0208952
746	0.014068	0	0.0208963
747	0.014067	0	0.0208974
748	0.0140661	0	0.0208985
749	0.0140651	0	0.0208996
750	0.0140642	0	0.0209007
751	0.0140632	0	0.0209018
752	0.0140623	0	0.0209029
753	0.0140613	0	0.020904
754	0.0140604	0	0.0209051
755	0.0140594	0	0.0209062
756	0.0140585	0	0.0209073
757	0.0140575	0	0.0209084
758	0.0140565	0	0.0209095
759	0.0140556	0	0.0209106
760	0.0140546	0	0.0209117
761	0.0140536	0	0.0209128
762	0.0140527	0	0.0209139
763	0.0140517	0	0.020915
764	0.0140507	0	0.0209161
765	0.0140497	0	0.0209172
766	0.0140487	0	0.0209183
767	0.0140477	0	0.0209194
768	0.0140468	0	0.0209205
769	0.0140458	0	0.0209216
770	0.0140448	0	0.0209227
771	0.0140438	0	0.0209238
772	0.0140428	0	0.0209249
773	0.0140418	0	0.020926
774	0.0140408	0	0.0209271
775	0.0140398	0	0.0209282
776	0.0140388	0	0.0209293
777	0.0140377	0	0.0209304
778	0.0140367	0	0.0209315
779	0.0140357	0	0.0209326
780	0.0140347	0	0.0209337
781	0.0140337	0	0.0209348
782	0.0140327	0	0.0209359
783	0.0140316	0	0.020937
784	0.0140306	0	0.020938
785	0.0140296	0	0.0209391
786	0.0140286	0	0.0209402
787	0.0140275	0	0.0209413
788	0.0140265	0	0.0209424
789	0.0140255	0	0.0209434
790	0.0140244	0	0.0209445
791	0.0140234	0	0.0209456
792	0.0140224	0	0.0209466
793	0.0140213	0	0.0209477
794	0.0140203	0	0.0209487
795	0.0140192	0	0.0209498
796	0.0140182	0	0.0209508
797	0.0140172	0	0.0209518
798	0.0140161	0	0.0209529
799	0.0140151	0	0.0209539
800	0.014014	0	0.0209549
801	0.014013	0	0.0209559
802	0.0140119	0	0.0209569
803	0.0140109	0	0.0209579
804	0.0140098	0	0.0209589
805	0.0140088	0	0.0209598
806	0.0140077	0	0.0209608
807	0.0140067	0	0.0209617
808	0.0140056	0	0.0209626
809	0.0140046	0	0.0209636
810	0.0140035	0	0.0209645
811	0.0140025	0	0.0209654
812	0.0140014	0	0.0209662
813	0.0140004	0	0.0209671
814	0.0139993	0	0.0209679
815	0.0139983	0	0.0209688
816	0.0139972	0	0.0209696
817	0.0139962	0	0.0209704
818	0.0139952	0	0.0209712
819	0.0139941	0	0.0209719
820	0.0139931	0	0.0209726
821	0.0139921	0	0.0209734
822	0.013991	0	0.020974
823	0.01399	0	0.0209747
824	0.013989	0	0.0209754
825	0.013988	0	0.020976
826	0.013987	0	0.0209766
827	0.0139859	0	0.0209772
828	0.0139849	0	0.0209777
829	0.0139839	0	0.0209782
830	0.0139829	0	0.0209787
831	0.0139819	0	0.0209792
832	0.013981	0	0.0209796
833	0.01398	0	0.0209801
834	0.013979	0	0.0209804
835	0.013978	0	0.0209808
836	0.0139771	0	0.0209811
837	0.0139761	0	0.0209814
838	0.0139751	0	0.0209816
839	0.0139742	0	0.0209819
840	0.0139733	0	0.0209821
841	0.0139723	0	0.0209822
842	0.0139714	0	0.0209823
843	0.0139705	0	0.0209824
844	0.0139696	0	0.0209825
845	0.0139687	0	0.0209825
846	0.0139678	0	0.0209825
847	0.0139669	0	0.0209824
848	0.013966	0	0.0209824
849	0.0139652	0	0.0209822
850	0.0139643	0	0.0209821
851	0.0139634	0	0.0209819
852	0.0139626	0	0.0209817
853	0.0139618	0	0.0209814
854	0.0139609	0	0.0209811
855	0.0139601	0	0.0209807
856	0.0139593	0	0.0209804
857	0.0139585	0	0.02098
858	0.0139577	0	0.0209795
859	0.013957	0	0.020979
860	0.0139562	0	0.0209785
861	0.0139554	0	0.020978
862	0.0139547	0	0.0209774
863	0.0139539	0	0.0209767
864	0.0139532	0	0.0209761
865	0.0139525	0	0.0209754
866	0.0139518	0	0.0209746
867	0.0139511	0	0.0209739
868	0.0139504	0	0.0209731
869	0.0139497	0	0.0209722
870	0.013949	0	0.0209714
871	0.0139483	0	0.0209705
872	0.0139477	0	0.0209695
873	0.013947	0	0.0209686
874	0.0139464	0	0.0209676
875	0.0139458	0	0.0209665
876	0.0139451	0	0.0209655
877	0.0139445	0	0.0209644
878	0.0139439	0	0.0209633
879	0.0139433	0	0.0209621
880	0.0139427	0	0.0209609
881	0.0139421	0	0.0209597
882	0.0139416	0	0.0209585
883	0.013941	0	0.0209572
884	0.0139404	0	0.0209559
885	0.0139399	0	0.0209546
886	0.0139393	0	0.0209532
887	0.0139388	0	0.0209519
888	0.0139382	0	0.0209505
889	0.0139377	0	0.020949
890	0.0139372	0	0.0209476
891	0.0139367	0	0.0209461
892	0.0139362	0	0.0209446
893	0.0139357	0	0.0209431
894	0.0139352	0	0.0209415
895	0.0139347	0	0.02094
896	0.0139342	0	0.0209384
897	0.0139337	0	0.0209368
898	0.0139332	0	0.0209351
899	0.0139327	0	0.0209335
900	0.0139323	0	0.0209318
901	0.0139318	0	0.0209301
902	0.0139314	0	0.0209284
903	0.0139309	0	0.0209267
904	0.0139305	0	0.0209249
905	0.01393	0	0.0209232
906	0.0139296	0	0.0209214
907	0.0139291	0	0.0209196
908	0.0139287	0	0.0209177
909	0.0139283	0	0.0209159
910	0.0139279	0	0.020914
911	0.0139274	0	0.0209122
912	0.013927	0	0.0209103
913	0.0139266	0	0.0209084
914	0.0139262	0	0.0209065
915	0.0139258	0	0.0209046
916	0.0139254	0	0.0209026
917	0.013925	0	0.0209007
918	0.0139246	0	0.0208987
919	0.0139242	0	0.0208967
920	0.0139238	0	0.0208947
921	0.0139234	0	0.0208927
922	0.013923	0	0.0208907
923	0.0139227	0	0.0208887
924	0.0139223	0	0.0208866
925	0.0139219	0	0.0208846
926	0.0139215	0	0.0208825
927	0.0139212	0	0.0208805
928	0.0139208	0	0.0208784
929	0.0139204	0	0.0208763
930	0.0139201	0	0.0208742
931	0.0139197	0	0.0208721
932	0.0139193	0	0.02087
933	0.013919	0	0.0208678
934	0.0139186	0	0.0208657
935	0.0139183	0	0.0208636
936	0.0139179	0	0.0208614
937	0.0139176	0	0.0208593
938	0.0139172	0	0.0208571
939	0.0139169	0	0.020855
940	0.0139166	0	0.0208528
941	0.0139162	0	0.0208506
942	0.0139159	0	0.0208484
943	0.0139156	0	0.0208462
944	0.0139152	0	0.020844
945	0.0139149	0	0.0208418
946	0.0139146	0	0.0208396
947	0.0139143	0	0.0208374
948	0.0139139	0	0.0208352
949	0.0139136	0	0.020833
950	0.0139133	0	0.0208308
951	0.013913	0	0.0208286
952	0.0139127	0	0.0208264
953	0.0139124	0	0.0208241
954	0.0139121	0	0.0208219
955	0.0139118	0	0.0208197
956	0.0139115	0	0.0208174
957	0.0139112	0	0.0208152
958	0.0139109	0	0.020813
959	0.0139106	0	0.0208107
960	0.0139104	0	0.0208085
961	0.0139101	0	0.0208062
962	0.0139098	0	0.020804
963	0.0139095	0	0.0208018
964	0.0139093	0	0.0207995
965	0.013909	0	0.0207973
966	0.0139088	0	0.020795
967	0.0139085	0	0.0207928
968	0.0139082	0	0.0207905
969	0.013908	0	0.0207883
970	0.0139078	0	0.0207861
971	0.0139075	0	0.0207838
972	0.0139073	0	0.0207816
973	0.0139071	0	0.0207793
974	0.0139068	0	0.0207771
975	0.0139066	0	0.0207749
976	0.0139064	0	0.0207726
977	0.0139062	0	0.0207704
978	0.013906	0	0.0207682
979	0.0139058	0	0.0207659
980	0.0139056	0	0.0207637
981	0.0139054	0	0.0207615
982	0.0139052	0	0.0207593
983	0.013905	0	0.020757
984	0.0139048	0	0.0207548
985	0.0139047	0	0.0207526
986	0.0139045	0	0.0207504
987	0.0139043	0	0.0207482
988	0.0139041	0	0.020746
989	0.013904	0	0.0207438
990	0.0139038	0	0.0207416
991	0.0139037	0	0.0207394
992	0.0139035	0	0.0207372
993	0.0139034	0	0.0207351
994	0.0139032	0	0.0207329
995	0.0139031	0	0.0207307
996	0.0139029	0	0.0207286
997	0.0139028	0	0.0207264
998	0.0139026	0	0.0207243
999	0.0139025	0	0.0207222
1000	0.0139023	0	0.0207201
PESOS DE LA RED
===============
Salida Esperada Vs Salida Obtenida (test)
=========================================
0.430996 -- 0.571138 
0.40083 -- 0.540376 
0.191116 -- 0.313722 
0.366144 -- 0.364377 
0.367519 -- 0.356676 
0.604647 -- 0.532814 
0.465379 -- 0.414616 
0.459066 -- 0.521702 
0.161198 -- 0.267774 
0.529216 -- 0.320809 
0.232835 -- 0.359301 
0.268985 -- 0.432004 
0.404717 -- 0.630687 
0.234433 -- 0.384647 
0.68694 -- 0.571272 
0.612588 -- 0.532565 
0.472511 -- 0.592121 
0.771912 -- 0.573431 
0.767634 -- 0.56857 
0.529077 -- 0.52557 
0.840582 -- 0.638979 
0.304584 -- 0.216562 
0.375972 -- 0.224858 
0.706528 -- 0.531138 
0.192498 -- 0.282707 
0 -- 0.314735 
0.445856 -- 0.469925 
0.199522 -- 0.403272 
0.473098 -- 0.330187 
0.517121 -- 0.327824 
0.125798 -- 0.322426 
0.399047 -- 0.21792 
0.360765 -- 0.470968 
0.61931 -- 0.58007 
0.419672 -- 0.246052 
0.657247 -- 0.475152 
0.461055 -- 0.328194 
0.650546 -- 0.579376 
0.321302 -- 0.311118 
0.623597 -- 0.510795 
0.461309 -- 0.372143 
Finalizamos => Error de test final: 0.0207201
**********
SEMILLA 2
**********
1	0.0349972	0	0.0447863
2	0.0351603	0	0.0449452
3	0.0335936	0	0.0431765
4	0.0332133	0	0.0430462
5	0.0320372	0	0.0416265
6	0.0315136	0	0.0406181
7	0.0315582	0	0.0405028
8	0.0315754	0	0.0404413
9	0.031515	0	0.040281
10	0.031418	0	0.0400753
11	0.0313082	0	0.0398849
12	0.0312547	0	0.0398259
13	0.0312397	0	0.0398559
14	0.0312352	0	0.0399116
15	0.0312267	0	0.0399571
16	0.0312095	0	0.0399787
17	0.0311856	0	0.0399772
18	0.0311601	0	0.0399614
19	0.0311375	0	0.0399405
20	0.0311197	0	0.0399203
21	0.0311066	0	0.0399028
22	0.031097	0	0.0398873
23	0.0310892	0	0.0398717
24	0.0310814	0	0.0398534
25	0.0310718	0	0.0398305
26	0.0310593	0	0.0398025
27	0.0310436	0	0.0397723
28	0.0310249	0	0.0397461
29	0.0310009	0	0.0397293
30	0.0309625	0	0.0397134
31	0.0308954	0	0.0396654
32	0.0308007	0	0.039556
33	0.0306999	0	0.0393981
34	0.0306124	0	0.0392277
35	0.0305444	0	0.039074
36	0.0304932	0	0.0389506
37	0.0304498	0	0.0388534
38	0.0303964	0	0.0387547
39	0.0303077	0	0.0386018
40	0.0301786	0	0.0383661
41	0.0300496	0	0.0381113
42	0.0299601	0	0.0379269
43	0.0299162	0	0.0378452
44	0.0299059	0	0.0378438
45	0.0299103	0	0.0378731
46	0.0299144	0	0.0378949
47	0.0299129	0	0.0378984
48	0.0299062	0	0.0378875
49	0.0298962	0	0.0378684
50	0.0298842	0	0.0378461
51	0.0298712	0	0.0378231
52	0.0298571	0	0.0378002
53	0.0298416	0	0.0377766
54	0.0298238	0	0.0377504
55	0.0298027	0	0.0377194
56	0.0297772	0	0.0376812
57	0.0297463	0	0.0376341
58	0.0297096	0	0.0375779
59	0.0296677	0	0.0375154
60	0.0296236	0	0.037456
61	0.0295852	0	0.0374212
62	0.0295663	0	0.037441
63	0.0295743	0	0.0375118
64	0.0295899	0	0.0375656
65	0.0295901	0	0.0375572
66	0.0295742	0	0.0375032
67	0.0295509	0	0.0374346
68	0.0295296	0	0.0373803
69	0.0295202	0	0.0373688
70	0.029526	0	0.0374038
71	0.0295334	0	0.0374395
72	0.0295313	0	0.0374459
73	0.029522	0	0.0374321
74	0.0295097	0	0.0374116
75	0.0294968	0	0.0373909
76	0.0294843	0	0.0373726
77	0.0294723	0	0.0373571
78	0.0294611	0	0.037344
79	0.0294504	0	0.0373327
80	0.0294403	0	0.0373227
81	0.0294308	0	0.0373133
82	0.0294216	0	0.037304
83	0.029413	0	0.0372944
84	0.0294049	0	0.0372842
85	0.0293973	0	0.0372732
86	0.0293903	0	0.037261
87	0.029384	0	0.0372476
88	0.0293783	0	0.0372327
89	0.0293734	0	0.037216
90	0.0293691	0	0.0371972
91	0.0293651	0	0.0371757
92	0.0293611	0	0.0371503
93	0.0293562	0	0.0371193
94	0.029349	0	0.0370801
95	0.0293372	0	0.0370284
96	0.0293176	0	0.036958
97	0.0292852	0	0.0368598
98	0.0292343	0	0.0367238
99	0.0291607	0	0.0365438
100	0.029067	0	0.0363292
101	0.0289658	0	0.0361109
102	0.0288716	0	0.0359243
103	0.028791	0	0.0357835
104	0.0287229	0	0.0356821
105	0.0286644	0	0.0356089
106	0.0286136	0	0.0355579
107	0.0285694	0	0.0355265
108	0.0285308	0	0.0355112
109	0.0284961	0	0.0355064
110	0.0284639	0	0.0355058
111	0.0284331	0	0.0355044
112	0.0284031	0	0.0354997
113	0.0283734	0	0.0354906
114	0.0283439	0	0.0354771
115	0.0283144	0	0.0354598
116	0.0282848	0	0.0354394
117	0.0282553	0	0.0354165
118	0.0282258	0	0.0353918
119	0.0281962	0	0.0353657
120	0.0281667	0	0.0353386
121	0.0281371	0	0.0353107
122	0.0281074	0	0.0352823
123	0.0280777	0	0.0352534
124	0.0280479	0	0.0352241
125	0.028018	0	0.0351944
126	0.027988	0	0.0351644
127	0.0279578	0	0.0351341
128	0.0279275	0	0.0351033
129	0.027897	0	0.0350722
130	0.0278664	0	0.0350407
131	0.0278355	0	0.0350088
132	0.0278045	0	0.0349765
133	0.0277732	0	0.0349438
134	0.0277418	0	0.0349107
135	0.0277101	0	0.0348771
136	0.0276782	0	0.0348432
137	0.0276461	0	0.0348088
138	0.0276139	0	0.0347741
139	0.0275814	0	0.034739
140	0.0275487	0	0.0347036
141	0.0275158	0	0.0346679
142	0.0274828	0	0.0346318
143	0.0274496	0	0.0345955
144	0.0274162	0	0.034559
145	0.0273827	0	0.0345223
146	0.0273491	0	0.0344855
147	0.0273154	0	0.0344487
148	0.0272817	0	0.0344118
149	0.0272479	0	0.0343749
150	0.0272141	0	0.034338
151	0.0271803	0	0.0343011
152	0.0271466	0	0.0342642
153	0.0271129	0	0.0342269
154	0.0270792	0	0.0341889
155	0.0270455	0	0.0341494
156	0.0270117	0	0.0341069
157	0.0269777	0	0.034059
158	0.0269429	0	0.0340014
159	0.0269068	0	0.033927
160	0.026868	0	0.0338235
161	0.0268237	0	0.0336738
162	0.0267692	0	0.0334627
163	0.0267009	0	0.0332041
164	0.0266271	0	0.0329553
165	0.026561	0	0.0327617
166	0.0265033	0	0.0326229
167	0.0264505	0	0.0325224
168	0.0264012	0	0.0324454
169	0.0263555	0	0.0323822
170	0.0263135	0	0.0323276
171	0.0262755	0	0.0322797
172	0.0262416	0	0.0322384
173	0.0262119	0	0.0322045
174	0.0261868	0	0.0321793
175	0.0261667	0	0.0321643
176	0.0261522	0	0.0321612
177	0.0261443	0	0.0321721
178	0.026144	0	0.0321995
179	0.0261529	0	0.0322468
180	0.0261732	0	0.0323185
181	0.0262072	0	0.0324206
182	0.0262584	0	0.0325609
183	0.0263305	0	0.0327493
184	0.0264271	0	0.0329951
185	0.0265481	0	0.0332986
186	0.0266816	0	0.0336277
187	0.026795	0	0.0338895
188	0.0268481	0	0.0339679
189	0.0268299	0	0.0338452
190	0.0267587	0	0.0336181
191	0.0266639	0	0.0333968
192	0.026576	0	0.033229
193	0.0265091	0	0.0331027
194	0.0264597	0	0.0329932
195	0.0264191	0	0.0328889
196	0.0263797	0	0.0327858
197	0.0263358	0	0.0326798
198	0.026282	0	0.0325659
199	0.0262131	0	0.0324389
200	0.0261244	0	0.0322936
201	0.026013	0	0.0321251
202	0.025878	0	0.0319309
203	0.0257219	0	0.0317122
204	0.0255497	0	0.0314744
205	0.025368	0	0.0312262
206	0.0251836	0	0.030978
207	0.0250025	0	0.0307394
208	0.0248296	0	0.0305186
209	0.0246676	0	0.0303208
210	0.0245182	0	0.0301487
211	0.0243814	0	0.0300027
212	0.0242567	0	0.0298819
213	0.0241429	0	0.0297839
214	0.0240389	0	0.0297064
215	0.0239435	0	0.0296467
216	0.0238556	0	0.0296026
217	0.0237744	0	0.0295719
218	0.0236993	0	0.0295531
219	0.0236296	0	0.0295447
220	0.0235649	0	0.029546
221	0.0235049	0	0.0295564
222	0.0234493	0	0.029576
223	0.0233982	0	0.0296054
224	0.023352	0	0.0296457
225	0.0233117	0	0.029699
226	0.0232792	0	0.0297681
227	0.0232576	0	0.0298573
228	0.0232509	0	0.0299722
229	0.0232626	0	0.0301187
230	0.0232923	0	0.0302942
231	0.0233297	0	0.0304809
232	0.0233653	0	0.0306717
233	0.0234648	0	0.030914
234	0.0241789	0	0.0309977
235	0.025488	0	0.0316976
236	0.0257646	0	0.0321901
237	0.0251153	0	0.0326574
238	0.0246954	0	0.0323301
239	0.0243007	0	0.0317962
240	0.0239261	0	0.0312116
241	0.0235912	0	0.0306843
242	0.0232983	0	0.0302446
243	0.0230444	0	0.0298835
244	0.0228251	0	0.0295791
245	0.0226373	0	0.0293089
246	0.0224783	0	0.0290536
247	0.0223469	0	0.0287946
248	0.0222449	0	0.0285101
249	0.0221852	0	0.0281718
250	0.0222166	0	0.0277739
251	0.0224327	0	0.0274919
252	0.022693	0	0.0276878
253	0.0227396	0	0.0281054
254	0.0226623	0	0.0282668
255	0.0225601	0	0.02824
256	0.022471	0	0.0281591
257	0.0223967	0	0.0280676
258	0.0223305	0	0.0279755
259	0.0222676	0	0.0278849
260	0.0222061	0	0.0277971
261	0.022146	0	0.0277128
262	0.0220879	0	0.0276331
263	0.0220326	0	0.0275583
264	0.0219805	0	0.0274886
265	0.0219319	0	0.0274241
266	0.0218868	0	0.0273646
267	0.0218452	0	0.0273101
268	0.0218068	0	0.0272603
269	0.0217714	0	0.027215
270	0.0217389	0	0.0271739
271	0.0217091	0	0.0271367
272	0.0216817	0	0.027103
273	0.0216566	0	0.0270726
274	0.0216336	0	0.0270449
275	0.0216125	0	0.0270199
276	0.0215931	0	0.0269971
277	0.0215752	0	0.0269764
278	0.0215588	0	0.0269575
279	0.0215436	0	0.0269403
280	0.0215295	0	0.0269246
281	0.0215164	0	0.0269103
282	0.0215042	0	0.0268971
283	0.0214928	0	0.0268851
284	0.0214822	0	0.0268741
285	0.0214722	0	0.0268641
286	0.0214629	0	0.0268548
287	0.0214543	0	0.0268463
288	0.0214461	0	0.0268385
289	0.0214385	0	0.0268313
290	0.0214315	0	0.0268247
291	0.0214248	0	0.0268186
292	0.0214186	0	0.026813
293	0.0214129	0	0.0268078
294	0.0214075	0	0.026803
295	0.0214025	0	0.0267986
296	0.0213978	0	0.0267946
297	0.0213935	0	0.0267908
298	0.0213895	0	0.0267873
299	0.0213857	0	0.0267841
300	0.0213823	0	0.0267811
301	0.0213791	0	0.0267784
302	0.0213761	0	0.0267758
303	0.0213734	0	0.0267734
304	0.0213708	0	0.0267713
305	0.0213685	0	0.0267693
306	0.0213664	0	0.0267674
307	0.0213644	0	0.0267657
308	0.0213626	0	0.0267641
309	0.021361	0	0.0267626
310	0.0213595	0	0.0267613
311	0.0213581	0	0.0267601
312	0.0213569	0	0.0267589
313	0.0213558	0	0.0267579
314	0.0213548	0	0.026757
315	0.0213539	0	0.0267561
316	0.0213531	0	0.0267554
317	0.0213524	0	0.0267547
318	0.0213517	0	0.0267541
319	0.0213512	0	0.0267536
320	0.0213506	0	0.0267531
321	0.0213502	0	0.0267527
322	0.0213498	0	0.0267523
323	0.0213494	0	0.026752
324	0.0213491	0	0.0267518
325	0.0213488	0	0.0267516
326	0.0213484	0	0.0267514
327	0.0213481	0	0.0267512
328	0.0213478	0	0.0267511
329	0.0213475	0	0.026751
330	0.0213471	0	0.0267508
331	0.0213467	0	0.0267507
332	0.0213462	0	0.0267505
333	0.0213456	0	0.0267503
334	0.021345	0	0.0267501
335	0.0213443	0	0.0267498
336	0.0213435	0	0.0267494
337	0.0213425	0	0.0267489
338	0.0213414	0	0.0267483
339	0.0213402	0	0.0267475
340	0.0213388	0	0.0267465
341	0.0213372	0	0.0267453
342	0.0213353	0	0.0267437
343	0.0213333	0	0.0267418
344	0.021331	0	0.0267395
345	0.0213283	0	0.0267366
346	0.0213253	0	0.0267332
347	0.0213219	0	0.026729
348	0.021318	0	0.0267241
349	0.0213135	0	0.0267184
350	0.0213083	0	0.0267119
351	0.0213022	0	0.0267047
352	0.0212953	0	0.026697
353	0.0212874	0	0.0266891
354	0.0212788	0	0.0266813
355	0.0212696	0	0.0266737
356	0.02126	0	0.0266664
357	0.0212504	0	0.0266595
358	0.0212407	0	0.0266531
359	0.0212313	0	0.026647
360	0.021222	0	0.0266412
361	0.021213	0	0.0266357
362	0.0212042	0	0.0266304
363	0.0211956	0	0.0266255
364	0.0211872	0	0.0266209
365	0.0211791	0	0.0266168
366	0.0211712	0	0.0266132
367	0.0211637	0	0.0266102
368	0.0211565	0	0.0266079
369	0.0211497	0	0.0266063
370	0.0211435	0	0.0266055
371	0.021138	0	0.0266053
372	0.021133	0	0.0266055
373	0.0211288	0	0.0266061
374	0.0211253	0	0.0266069
375	0.0211225	0	0.0266076
376	0.0211204	0	0.0266084
377	0.0211189	0	0.0266089
378	0.0211181	0	0.0266093
379	0.0211179	0	0.0266095
380	0.0211183	0	0.0266095
381	0.0211192	0	0.0266092
382	0.0211207	0	0.0266087
383	0.0211227	0	0.0266079
384	0.0211252	0	0.0266069
385	0.0211281	0	0.0266055
386	0.0211314	0	0.0266037
387	0.0211351	0	0.0266015
388	0.021139	0	0.0265987
389	0.021143	0	0.0265951
390	0.0211468	0	0.0265906
391	0.0211503	0	0.0265851
392	0.0211531	0	0.0265787
393	0.0211549	0	0.0265721
394	0.0211558	0	0.0265659
395	0.0211559	0	0.0265609
396	0.0211553	0	0.0265571
397	0.021154	0	0.0265543
398	0.0211521	0	0.0265523
399	0.0211495	0	0.026551
400	0.0211465	0	0.0265503
401	0.021143	0	0.0265499
402	0.0211392	0	0.0265498
403	0.0211352	0	0.0265498
404	0.0211309	0	0.0265497
405	0.0211265	0	0.0265494
406	0.0211219	0	0.0265487
407	0.0211171	0	0.0265477
408	0.0211122	0	0.0265461
409	0.021107	0	0.0265439
410	0.0211016	0	0.0265411
411	0.0210958	0	0.0265375
412	0.0210897	0	0.026533
413	0.0210831	0	0.0265274
414	0.021076	0	0.0265205
415	0.0210683	0	0.0265123
416	0.02106	0	0.0265028
417	0.021051	0	0.026492
418	0.0210413	0	0.0264801
419	0.0210311	0	0.0264667
420	0.0210207	0	0.0264514
421	0.0210117	0	0.0264323
422	0.0210083	0	0.0264049
423	0.0210232	0	0.0263592
424	0.021086	0	0.0262846
425	0.0212163	0	0.02621
426	0.0213154	0	0.0262307
427	0.0212852	0	0.0263602
428	0.0211858	0	0.0265022
429	0.0210513	0	0.0265935
430	0.0208819	0	0.0266327
431	0.0207884	0	0.0267028
432	0.0207692	0	0.0267954
433	0.0207494	0	0.0268469
434	0.0207267	0	0.0268788
435	0.0207036	0	0.02691
436	0.0206808	0	0.0269551
437	0.0206597	0	0.0270232
438	0.0206463	0	0.0271108
439	0.0206651	0	0.0271882
440	0.0207661	0	0.0271667
441	0.0209192	0	0.0270003
442	0.0209293	0	0.0267802
443	0.0209173	0	0.0267669
444	0.0208955	0	0.0267159
445	0.0209055	0	0.0266513
446	0.0209311	0	0.0265592
447	0.0209451	0	0.0264715
448	0.0209558	0	0.0264109
449	0.0209485	0	0.0263884
450	0.0209298	0	0.0263909
451	0.0209084	0	0.026405
452	0.0208868	0	0.026424
453	0.0208682	0	0.0264441
454	0.0208641	0	0.0264555
455	0.020921	0	0.0264263
456	0.0211316	0	0.0263391
457	0.0213038	0	0.0263985
458	0.0211935	0	0.0266415
459	0.0210228	0	0.0268403
460	0.0209633	0	0.0269459
461	0.0209213	0	0.0269657
462	0.0208697	0	0.0269526
463	0.0208147	0	0.0269338
464	0.020759	0	0.0269184
465	0.0207001	0	0.0269084
466	0.0206314	0	0.0269056
467	0.0205518	0	0.02692
468	0.0204928	0	0.026976
469	0.0204659	0	0.027057
470	0.0204481	0	0.0271348
471	0.0204347	0	0.0272204
472	0.0204316	0	0.0273137
473	0.0204607	0	0.0273767
474	0.0205592	0	0.0273017
475	0.0206848	0	0.0270461
476	0.0207398	0	0.0268726
477	0.0207758	0	0.0268847
478	0.0207197	0	0.0269382
479	0.0206879	0	0.0268555
480	0.0206621	0	0.0267493
481	0.0206267	0	0.0266918
482	0.020597	0	0.0266719
483	0.0205739	0	0.0266757
484	0.0205558	0	0.0266931
485	0.0205413	0	0.0267172
486	0.0205293	0	0.0267443
487	0.0205188	0	0.0267728
488	0.0205092	0	0.026803
489	0.0205007	0	0.0268361
490	0.0204947	0	0.0268734
491	0.0204965	0	0.0269148
492	0.0205285	0	0.0269476
493	0.0206564	0	0.0269294
494	0.0208602	0	0.0269157
495	0.0209193	0	0.0270661
496	0.0208861	0	0.0272375
497	0.0208418	0	0.0273383
498	0.0207987	0	0.0273863
499	0.02076	0	0.0274078
500	0.0207263	0	0.0274166
501	0.0206964	0	0.0274183
502	0.0206694	0	0.0274165
503	0.0206452	0	0.0274138
504	0.0206238	0	0.0274118
505	0.020605	0	0.0274116
506	0.020589	0	0.0274135
507	0.0205756	0	0.0274174
508	0.0205647	0	0.0274223
509	0.0205559	0	0.0274268
510	0.0205487	0	0.0274296
511	0.020543	0	0.0274306
512	0.0205382	0	0.0274301
513	0.0205342	0	0.0274285
514	0.0205308	0	0.0274263
515	0.0205278	0	0.0274236
516	0.0205252	0	0.0274206
517	0.0205229	0	0.0274172
518	0.0205208	0	0.0274135
519	0.0205189	0	0.0274094
520	0.0205172	0	0.0274049
521	0.0205158	0	0.0274001
Salida porque no mejora el entrenamiento!!
PESOS DE LA RED
===============
Salida Esperada Vs Salida Obtenida (test)
=========================================
0.430996 -- 0.62015 
0.40083 -- 0.518077 
0.191116 -- 0.433379 
0.366144 -- 0.37093 
0.367519 -- 0.474631 
0.604647 -- 0.548624 
0.465379 -- 0.47814 
0.459066 -- 0.495403 
0.161198 -- 0.289931 
0.529216 -- 0.392008 
0.232835 -- 0.486663 
0.268985 -- 0.443407 
0.404717 -- 0.483459 
0.234433 -- 0.486537 
0.68694 -- 0.569734 
0.612588 -- 0.529037 
0.472511 -- 0.485599 
0.771912 -- 0.627034 
0.767634 -- 0.613116 
0.529077 -- 0.539068 
0.840582 -- 0.484181 
0.304584 -- 0.21812 
0.375972 -- 0.23476 
0.706528 -- 0.481066 
0.192498 -- 0.27135 
0 -- 0.424839 
0.445856 -- 0.440608 
0.199522 -- 0.378446 
0.473098 -- 0.486843 
0.517121 -- 0.350408 
0.125798 -- 0.486901 
0.399047 -- 0.22209 
0.360765 -- 0.479793 
0.61931 -- 0.588262 
0.419672 -- 0.264291 
0.657247 -- 0.483684 
0.461055 -- 0.469227 
0.650546 -- 0.485696 
0.321302 -- 0.334578 
0.623597 -- 0.486041 
0.461309 -- 0.475968 
Finalizamos => Error de test final: 0.0273137
**********
SEMILLA 3
**********
1	0.0315126	0	0.0399537
2	0.0336382	0	0.0434528
3	0.0338298	0	0.0435081
4	0.0353442	0	0.0457271
5	0.0362893	0	0.0474367
6	0.0363742	0	0.0477809
7	0.0362825	0	0.0477031
8	0.0354307	0	0.0464483
9	0.0348971	0	0.0456821
10	0.0346623	0	0.0454466
11	0.0343706	0	0.0451165
12	0.0342877	0	0.0450328
13	0.0343185	0	0.0450885
14	0.0343088	0	0.0450721
15	0.0338585	0	0.0444213
16	0.0329236	0	0.043029
17	0.032335	0	0.0420595
18	0.0321001	0	0.0416533
19	0.0320862	0	0.0416302
20	0.0321533	0	0.0417396
21	0.032129	0	0.0416527
22	0.0321829	0	0.041693
23	0.0321488	0	0.041655
24	0.0319465	0	0.0413798
25	0.0317947	0	0.0411531
26	0.031709	0	0.0410156
27	0.0316573	0	0.0409278
28	0.0316228	0	0.0408666
29	0.0315978	0	0.0408206
30	0.0315785	0	0.0407838
31	0.0315627	0	0.040753
32	0.0315494	0	0.0407262
33	0.0315377	0	0.0407023
34	0.0315272	0	0.0406804
35	0.0315175	0	0.0406599
36	0.0315084	0	0.0406405
37	0.0314999	0	0.040622
38	0.0314917	0	0.040604
39	0.0314837	0	0.0405866
40	0.031476	0	0.0405694
41	0.0314684	0	0.0405525
42	0.0314608	0	0.0405357
43	0.0314533	0	0.0405188
44	0.0314457	0	0.0405018
45	0.031438	0	0.0404846
46	0.0314302	0	0.0404669
47	0.0314221	0	0.0404487
48	0.0314137	0	0.0404298
49	0.0314049	0	0.0404101
50	0.0313955	0	0.0403893
51	0.0313856	0	0.0403673
52	0.0313749	0	0.0403439
53	0.0313634	0	0.040319
54	0.031351	0	0.0402923
55	0.0313376	0	0.0402637
56	0.0313233	0	0.0402333
57	0.0313079	0	0.040201
58	0.0312917	0	0.0401671
59	0.0312747	0	0.0401315
60	0.0312571	0	0.0400947
61	0.0312389	0	0.0400569
62	0.0312202	0	0.0400182
63	0.0312012	0	0.0399788
64	0.0311819	0	0.0399386
65	0.0311619	0	0.0398973
66	0.0311409	0	0.0398542
67	0.0311182	0	0.0398081
68	0.0310924	0	0.0397568
69	0.0310616	0	0.0396976
70	0.0310238	0	0.0396293
71	0.0309811	0	0.0395612
72	0.030949	0	0.0395245
73	0.0309414	0	0.0395284
74	0.0309442	0	0.0395381
75	0.0309448	0	0.0395379
76	0.0309419	0	0.0395297
77	0.0309367	0	0.0395169
78	0.0309303	0	0.0395021
79	0.0309235	0	0.0394865
80	0.0309166	0	0.039471
81	0.0309099	0	0.0394557
82	0.0309034	0	0.0394411
83	0.0308972	0	0.0394271
84	0.0308913	0	0.0394137
85	0.0308857	0	0.039401
86	0.0308804	0	0.0393889
87	0.0308754	0	0.0393774
88	0.0308707	0	0.0393665
89	0.0308661	0	0.039356
90	0.0308618	0	0.039346
91	0.0308577	0	0.0393364
92	0.0308538	0	0.0393271
93	0.0308499	0	0.0393182
94	0.0308463	0	0.0393096
95	0.0308427	0	0.0393012
96	0.0308393	0	0.0392931
97	0.0308359	0	0.0392852
98	0.0308327	0	0.0392775
99	0.0308295	0	0.03927
100	0.0308264	0	0.0392626
101	0.0308233	0	0.0392554
102	0.0308203	0	0.0392483
103	0.0308174	0	0.0392414
104	0.0308145	0	0.0392345
105	0.0308116	0	0.0392278
106	0.0308088	0	0.0392211
107	0.030806	0	0.0392145
108	0.0308032	0	0.039208
109	0.0308004	0	0.0392015
110	0.0307977	0	0.0391951
111	0.0307949	0	0.0391887
112	0.0307922	0	0.0391824
113	0.0307894	0	0.039176
114	0.0307867	0	0.0391697
115	0.030784	0	0.0391635
116	0.0307812	0	0.0391572
117	0.0307785	0	0.0391509
118	0.0307757	0	0.0391445
119	0.0307729	0	0.0391382
120	0.03077	0	0.0391318
121	0.0307672	0	0.0391254
122	0.0307643	0	0.0391189
123	0.0307613	0	0.0391123
124	0.0307583	0	0.0391056
125	0.0307552	0	0.0390988
126	0.0307521	0	0.0390919
127	0.0307489	0	0.0390848
128	0.0307456	0	0.0390775
129	0.0307422	0	0.0390701
130	0.0307387	0	0.0390624
131	0.0307351	0	0.0390545
132	0.0307313	0	0.0390462
133	0.0307274	0	0.0390376
134	0.0307233	0	0.0390286
135	0.030719	0	0.0390192
136	0.0307144	0	0.0390091
137	0.0307096	0	0.0389985
138	0.0307044	0	0.038987
139	0.0306988	0	0.0389746
140	0.0306927	0	0.0389609
141	0.0306859	0	0.0389458
142	0.0306782	0	0.0389286
143	0.0306694	0	0.0389086
144	0.030659	0	0.0388846
145	0.030646	0	0.0388548
146	0.0306292	0	0.0388157
147	0.0306064	0	0.0387623
148	0.0305746	0	0.0386894
149	0.030535	0	0.0386065
150	0.0305007	0	0.0385531
151	0.0304821	0	0.0385378
152	0.0304717	0	0.0385298
153	0.0304632	0	0.038518
154	0.0304546	0	0.0385019
155	0.0304456	0	0.0384821
156	0.0304358	0	0.038459
157	0.0304253	0	0.0384327
158	0.0304139	0	0.0384031
159	0.0304014	0	0.0383699
160	0.0303878	0	0.0383327
161	0.0303729	0	0.0382909
162	0.0303565	0	0.0382438
163	0.0303382	0	0.0381904
164	0.0303177	0	0.0381291
165	0.0302942	0	0.0380575
166	0.0302663	0	0.0379715
167	0.0302314	0	0.0378631
168	0.030184	0	0.0377176
169	0.0301262	0	0.0375461
170	0.0301343	0	0.0375615
171	0.0301594	0	0.0376153
172	0.0301579	0	0.0375922
173	0.0301492	0	0.0375417
174	0.0301393	0	0.0374799
175	0.0301298	0	0.0374115
176	0.0301216	0	0.0373376
177	0.0301152	0	0.0372578
178	0.0301113	0	0.0371707
179	0.0301107	0	0.0370735
180	0.0301153	0	0.0369618
181	0.0301286	0	0.0368289
182	0.0301581	0	0.0366648
183	0.03022	0	0.0364562
184	0.0303455	0	0.0361983
185	0.0305346	0	0.0359435
186	0.0306461	0	0.0357973
187	0.0306791	0	0.0357382
188	0.0308628	0	0.0356621
189	0.0315073	0	0.0356228
190	0.0326424	0	0.0357787
191	0.0331423	0	0.0358275
192	0.0323238	0	0.0352048
193	0.0305056	0	0.03508
194	0.0298841	0	0.0355658
195	0.0296714	0	0.035913
196	0.0295876	0	0.0360445
197	0.0295185	0	0.0361526
198	0.0294524	0	0.0362777
199	0.0293938	0	0.036434
200	0.0293496	0	0.0366232
201	0.0293227	0	0.0368256
202	0.0293083	0	0.0370073
203	0.0292985	0	0.0371448
204	0.0292887	0	0.0372334
205	0.0292774	0	0.0372771
206	0.0292646	0	0.0372781
207	0.0292504	0	0.0372317
208	0.0292343	0	0.0371261
209	0.0292138	0	0.0369604
210	0.0291859	0	0.0367836
211	0.0291527	0	0.0366692
212	0.0291192	0	0.0366332
213	0.0290884	0	0.0366503
214	0.0290607	0	0.0366963
215	0.0290358	0	0.0367562
216	0.029013	0	0.0368213
217	0.0289916	0	0.0368859
218	0.028971	0	0.036947
219	0.0289506	0	0.0370028
220	0.0289303	0	0.0370527
221	0.0289098	0	0.0370968
222	0.028889	0	0.0371356
223	0.0288679	0	0.0371697
224	0.0288465	0	0.0371998
225	0.0288248	0	0.0372266
226	0.0288029	0	0.0372506
227	0.0287809	0	0.0372722
228	0.0287586	0	0.0372919
229	0.0287363	0	0.0373098
230	0.0287138	0	0.0373264
231	0.0286913	0	0.0373416
232	0.0286688	0	0.0373557
233	0.0286462	0	0.0373688
234	0.0286236	0	0.0373809
235	0.028601	0	0.0373921
236	0.0285784	0	0.0374024
237	0.0285559	0	0.0374119
238	0.0285334	0	0.0374207
239	0.028511	0	0.0374288
240	0.0284886	0	0.0374361
241	0.0284663	0	0.0374428
242	0.0284441	0	0.0374488
243	0.0284219	0	0.0374542
244	0.0283999	0	0.0374591
245	0.0283779	0	0.0374634
246	0.0283561	0	0.0374671
247	0.0283344	0	0.0374704
248	0.0283128	0	0.0374732
249	0.0282912	0	0.0374755
250	0.0282699	0	0.0374774
251	0.0282486	0	0.0374789
252	0.0282274	0	0.03748
253	0.0282064	0	0.0374807
254	0.0281855	0	0.0374811
255	0.0281646	0	0.0374812
256	0.0281439	0	0.037481
257	0.0281234	0	0.0374805
258	0.0281029	0	0.0374797
259	0.0280825	0	0.0374787
260	0.0280622	0	0.0374775
261	0.0280421	0	0.0374762
262	0.028022	0	0.0374746
263	0.028002	0	0.0374729
264	0.0279822	0	0.0374711
265	0.0279624	0	0.0374692
266	0.0279427	0	0.0374672
267	0.0279231	0	0.0374652
268	0.0279037	0	0.0374632
269	0.0278843	0	0.0374611
270	0.027865	0	0.0374592
271	0.0278458	0	0.0374573
272	0.0278268	0	0.0374555
273	0.0278078	0	0.0374538
274	0.027789	0	0.0374524
275	0.0277704	0	0.0374513
276	0.0277519	0	0.0374504
277	0.0277336	0	0.0374499
278	0.0277154	0	0.0374499
279	0.0276976	0	0.0374505
280	0.02768	0	0.0374517
281	0.0276627	0	0.0374538
282	0.0276458	0	0.0374568
283	0.0276293	0	0.0374611
284	0.0276134	0	0.0374668
285	0.0275982	0	0.0374744
286	0.0275838	0	0.0374842
287	0.0275704	0	0.0374969
288	0.0275584	0	0.0375133
289	0.0275481	0	0.0375345
290	0.0275399	0	0.0375618
291	0.0275346	0	0.0375973
292	0.0275332	0	0.0376438
293	0.0275371	0	0.0377052
294	0.0275482	0	0.0377872
295	0.0275695	0	0.0378982
296	0.0276052	0	0.03805
297	0.0276616	0	0.0382584
298	0.0277443	0	0.0385362
299	0.0278486	0	0.03886
300	0.0279395	0	0.0391191
301	0.027978	0	0.0392063
302	0.0279741	0	0.0391616
303	0.0279552	0	0.0390692
304	0.0279352	0	0.038972
305	0.0279181	0	0.0388844
306	0.0279045	0	0.0388108
307	0.027894	0	0.0387523
308	0.0278858	0	0.0387086
309	0.0278792	0	0.0386787
310	0.0278736	0	0.0386608
311	0.0278685	0	0.0386532
312	0.0278633	0	0.038654
313	0.0278575	0	0.0386614
314	0.0278507	0	0.0386735
315	0.0278421	0	0.0386887
316	0.0278311	0	0.0387053
317	0.0278171	0	0.0387215
318	0.0277992	0	0.0387356
319	0.0277771	0	0.0387455
320	0.0277505	0	0.0387491
321	0.0277199	0	0.0387435
322	0.0276865	0	0.038726
323	0.027653	0	0.0386938
324	0.0276248	0	0.0386458
325	0.0276126	0	0.0385848
326	0.0276339	0	0.0385223
327	0.0277016	0	0.0384827
328	0.027784	0	0.0384917
329	0.027804	0	0.0385491
330	0.0277354	0	0.0386502
331	0.0276201	0	0.0388036
332	0.0275	0	0.0389579
333	0.0274124	0	0.0390673
334	0.0273525	0	0.0390833
335	0.0272955	0	0.0389944
336	0.0272869	0	0.0390517
337	0.0272414	0	0.0389707
338	0.0272082	0	0.0389308
339	0.0271616	0	0.0388426
340	0.0271114	0	0.0387534
341	0.0270504	0	0.0386307
342	0.0269759	0	0.0384619
343	0.0268879	0	0.0382614
344	0.0267897	0	0.0380651
345	0.0266815	0	0.0378708
346	0.0265636	0	0.0376621
347	0.0264363	0	0.0374262
348	0.0263009	0	0.0371644
349	0.0261592	0	0.0368845
350	0.0260127	0	0.0365937
351	0.0258631	0	0.0362971
352	0.0257113	0	0.035998
353	0.025558	0	0.0356986
354	0.0254038	0	0.0353998
355	0.0252487	0	0.0351019
356	0.0250929	0	0.0348048
357	0.0249363	0	0.0345082
358	0.0247792	0	0.0342119
359	0.0246215	0	0.033916
360	0.0244635	0	0.0336204
361	0.0243052	0	0.0333253
362	0.0241469	0	0.033031
363	0.0239889	0	0.0327379
364	0.0238314	0	0.0324466
365	0.0236747	0	0.0321575
366	0.0235193	0	0.0318712
367	0.0233654	0	0.0315883
368	0.0232134	0	0.0313095
369	0.0230637	0	0.0310355
370	0.0229167	0	0.0307668
371	0.0227727	0	0.030504
372	0.022632	0	0.0302476
373	0.0224948	0	0.0299981
374	0.0223615	0	0.0297558
375	0.0222321	0	0.0295212
376	0.0221068	0	0.0292943
377	0.0219857	0	0.0290755
378	0.0218687	0	0.0288647
379	0.0217559	0	0.028662
380	0.0216471	0	0.0284673
381	0.0215423	0	0.0282806
382	0.0214414	0	0.0281018
383	0.0213441	0	0.0279307
384	0.0212503	0	0.0277672
385	0.0211597	0	0.027611
386	0.0210723	0	0.027462
387	0.0209875	0	0.0273199
388	0.0209053	0	0.0271843
389	0.0208251	0	0.027055
390	0.0207467	0	0.0269314
391	0.0206695	0	0.0268132
392	0.0205932	0	0.0266995
393	0.0205173	0	0.0265898
394	0.0204413	0	0.0264831
395	0.0203652	0	0.0263787
396	0.0202886	0	0.0262759
397	0.0202117	0	0.0261739
398	0.0201345	0	0.0260725
399	0.0200572	0	0.0259715
400	0.0199802	0	0.0258709
401	0.0199036	0	0.0257709
402	0.0198277	0	0.0256718
403	0.0197527	0	0.0255739
404	0.0196786	0	0.0254774
405	0.0196056	0	0.0253826
406	0.0195336	0	0.0252897
407	0.0194627	0	0.0251987
408	0.0193927	0	0.0251098
409	0.0193235	0	0.0250228
410	0.019255	0	0.0249377
411	0.019187	0	0.0248542
412	0.0191193	0	0.024772
413	0.0190516	0	0.0246907
414	0.0189836	0	0.0246101
415	0.0189151	0	0.0245296
416	0.0188458	0	0.0244488
417	0.0187756	0	0.0243674
418	0.0187041	0	0.0242851
419	0.0186312	0	0.0242014
420	0.0185569	0	0.0241161
421	0.018481	0	0.0240289
422	0.0184035	0	0.0239397
423	0.0183244	0	0.023848
424	0.0182436	0	0.0237535
425	0.0181613	0	0.0236561
426	0.0180777	0	0.0235553
427	0.017993	0	0.0234512
428	0.0179078	0	0.0233443
429	0.0178229	0	0.0232365
430	0.0177388	0	0.0231323
431	0.0176552	0	0.0230413
432	0.0175698	0	0.0229799
433	0.017478	0	0.0229705
434	0.0173748	0	0.0230321
435	0.0172586	0	0.023165
436	0.0171338	0	0.0233463
437	0.017016	0	0.0235448
438	0.0169485	0	0.0237203
439	0.0169495	0	0.0237311
440	0.0170005	0	0.0234865
441	0.0173111	0	0.023241
442	0.0177578	0	0.0233992
443	0.017933	0	0.0235795
444	0.0179749	0	0.0236744
445	0.0179624	0	0.0237093
446	0.0179018	0	0.0236739
447	0.0178027	0	0.0235788
448	0.0176826	0	0.0234502
449	0.017556	0	0.0233102
450	0.0174312	0	0.0231711
451	0.0173112	0	0.0230372
452	0.017197	0	0.0229092
453	0.0170881	0	0.0227861
454	0.0169845	0	0.022667
455	0.016886	0	0.0225522
456	0.0167927	0	0.0224433
457	0.0167049	0	0.0223443
458	0.0166228	0	0.022261
459	0.0165477	0	0.0221985
460	0.0164828	0	0.0221584
461	0.0164323	0	0.0221378
462	0.0163985	0	0.0221313
463	0.0163795	0	0.0221332
464	0.01637	0	0.0221386
465	0.0163634	0	0.0221437
466	0.0163546	0	0.0221461
467	0.0163405	0	0.0221443
468	0.0163198	0	0.0221379
469	0.0162928	0	0.0221271
470	0.0162608	0	0.0221131
471	0.0162253	0	0.0220973
472	0.0161881	0	0.0220809
473	0.0161507	0	0.0220651
474	0.0161143	0	0.0220506
475	0.0160796	0	0.0220376
476	0.0160467	0	0.0220258
477	0.0160156	0	0.0220148
478	0.0159855	0	0.0220038
479	0.0159558	0	0.0219918
480	0.0159255	0	0.0219781
481	0.015894	0	0.0219621
482	0.0158607	0	0.0219434
483	0.0158252	0	0.021922
484	0.0157875	0	0.0218983
485	0.0157482	0	0.0218728
486	0.0157079	0	0.0218465
487	0.0156675	0	0.0218202
488	0.0156277	0	0.0217947
489	0.0155892	0	0.0217705
490	0.0155525	0	0.0217476
491	0.0155177	0	0.0217259
492	0.0154849	0	0.021705
493	0.0154537	0	0.0216844
494	0.0154239	0	0.0216639
495	0.0153951	0	0.0216433
496	0.0153672	0	0.0216225
497	0.0153399	0	0.0216017
498	0.0153132	0	0.021581
499	0.0152872	0	0.0215606
500	0.0152618	0	0.0215406
501	0.0152371	0	0.0215211
502	0.0152131	0	0.0215022
503	0.0151899	0	0.0214839
504	0.0151676	0	0.0214664
505	0.0151461	0	0.0214497
506	0.0151255	0	0.0214338
507	0.0151058	0	0.0214187
508	0.015087	0	0.0214044
509	0.0150692	0	0.021391
510	0.0150523	0	0.0213782
511	0.0150362	0	0.0213662
512	0.015021	0	0.0213547
513	0.0150065	0	0.0213436
514	0.0149926	0	0.0213329
515	0.0149792	0	0.0213223
516	0.014966	0	0.0213117
517	0.014953	0	0.0213009
518	0.0149398	0	0.0212899
519	0.0149263	0	0.0212783
520	0.0149123	0	0.0212663
521	0.0148977	0	0.0212536
522	0.0148824	0	0.0212401
523	0.0148662	0	0.0212259
524	0.0148491	0	0.0212108
525	0.0148312	0	0.0211949
526	0.0148123	0	0.021178
527	0.0147926	0	0.0211602
528	0.014772	0	0.0211415
529	0.0147507	0	0.021122
530	0.014729	0	0.0211019
531	0.014707	0	0.0210815
532	0.0146854	0	0.0210613
533	0.0146646	0	0.0210418
534	0.0146455	0	0.0210235
535	0.0146286	0	0.0210069
536	0.0146144	0	0.0209919
537	0.0146032	0	0.0209786
538	0.014595	0	0.0209665
539	0.0145897	0	0.0209555
540	0.0145871	0	0.0209455
541	0.0145867	0	0.0209363
542	0.0145883	0	0.0209279
543	0.0145913	0	0.0209207
544	0.0145953	0	0.0209146
545	0.0145996	0	0.0209099
546	0.0146039	0	0.0209068
547	0.0146076	0	0.0209054
548	0.0146104	0	0.0209055
549	0.0146116	0	0.0209063
550	0.0146107	0	0.0209064
551	0.0146068	0	0.0209041
552	0.0145995	0	0.0208978
553	0.0145885	0	0.0208877
554	0.0145744	0	0.0208755
555	0.0145584	0	0.0208645
556	0.014542	0	0.020858
557	0.0145263	0	0.020858
558	0.0145124	0	0.0208654
559	0.014501	0	0.0208801
560	0.0144923	0	0.0209016
561	0.0144862	0	0.0209294
562	0.0144824	0	0.0209629
563	0.0144805	0	0.0210011
564	0.0144797	0	0.0210433
565	0.0144797	0	0.0210882
566	0.0144796	0	0.0211343
567	0.0144791	0	0.0211803
568	0.0144776	0	0.0212247
569	0.0144748	0	0.0212663
570	0.0144706	0	0.021304
571	0.0144647	0	0.0213364
572	0.0144571	0	0.021362
573	0.0144476	0	0.0213789
574	0.014436	0	0.0213849
575	0.0144224	0	0.0213778
576	0.0144065	0	0.0213562
577	0.0143885	0	0.0213197
578	0.0143687	0	0.021269
579	0.0143473	0	0.0212062
580	0.014325	0	0.0211344
581	0.0143022	0	0.0210573
582	0.0142793	0	0.0209789
583	0.0142569	0	0.0209029
584	0.0142351	0	0.0208328
585	0.0142145	0	0.0207718
586	0.0141952	0	0.0207223
587	0.0141776	0	0.0206864
588	0.0141621	0	0.0206651
589	0.0141492	0	0.0206579
590	0.0141395	0	0.0206628
591	0.0141332	0	0.0206761
592	0.0141302	0	0.0206931
593	0.0141303	0	0.0207088
594	0.0141328	0	0.0207187
595	0.0141371	0	0.0207193
596	0.0141428	0	0.0207084
597	0.0141498	0	0.020684
598	0.0141587	0	0.0206429
599	0.0141708	0	0.0205786
600	0.0141889	0	0.0204782
601	0.0142185	0	0.0203186
602	0.0142697	0	0.0200656
603	0.0143564	0	0.0196954
604	0.0144721	0	0.0192795
605	0.0145277	0	0.019076
606	0.0144116	0	0.0192208
607	0.0142303	0	0.0195574
608	0.0141754	0	0.0199392
609	0.0141889	0	0.0201762
610	0.0142008	0	0.0203015
611	0.0142107	0	0.0203923
612	0.0142255	0	0.0204838
613	0.014247	0	0.0205825
614	0.0142697	0	0.0206805
615	0.0142863	0	0.0207651
616	0.0142934	0	0.0208286
617	0.0142925	0	0.0208698
618	0.0142863	0	0.0208903
619	0.0142771	0	0.0208918
620	0.0142662	0	0.0208766
621	0.0142545	0	0.0208475
622	0.0142432	0	0.0208093
623	0.0142335	0	0.0207684
624	0.0142262	0	0.0207305
625	0.0142213	0	0.0206986
626	0.0142181	0	0.0206721
627	0.0142155	0	0.0206489
628	0.0142131	0	0.0206273
629	0.0142107	0	0.0206065
630	0.0142085	0	0.0205863
631	0.0142065	0	0.0205667
632	0.0142047	0	0.0205477
633	0.0142033	0	0.0205293
634	0.014202	0	0.0205114
635	0.0142009	0	0.0204939
636	0.0142	0	0.0204768
637	0.0141991	0	0.0204602
638	0.0141983	0	0.0204442
639	0.0141975	0	0.020429
640	0.0141967	0	0.0204147
641	0.0141959	0	0.0204014
642	0.0141951	0	0.0203893
643	0.0141943	0	0.0203784
644	0.0141936	0	0.020369
Salida porque no mejora el entrenamiento!!
PESOS DE LA RED
===============
Salida Esperada Vs Salida Obtenida (test)
=========================================
0.430996 -- 0.624556 
0.40083 -- 0.53722 
0.191116 -- 0.358063 
0.366144 -- 0.38267 
0.367519 -- 0.41902 
0.604647 -- 0.573544 
0.465379 -- 0.463145 
0.459066 -- 0.516877 
0.161198 -- 0.290156 
0.529216 -- 0.359045 
0.232835 -- 0.399997 
0.268985 -- 0.446825 
0.404717 -- 0.649814 
0.234433 -- 0.42358 
0.68694 -- 0.556128 
0.612588 -- 0.48756 
0.472511 -- 0.630019 
0.771912 -- 0.627415 
0.767634 -- 0.621299 
0.529077 -- 0.563883 
0.840582 -- 0.66093 
0.304584 -- 0.252966 
0.375972 -- 0.25996 
0.706528 -- 0.544412 
0.192498 -- 0.300216 
0 -- 0.357461 
0.445856 -- 0.465001 
0.199522 -- 0.403461 
0.473098 -- 0.365248 
0.517121 -- 0.33814 
0.125798 -- 0.35486 
0.399047 -- 0.254457 
0.360765 -- 0.501234 
0.61931 -- 0.58511 
0.419672 -- 0.274813 
0.657247 -- 0.49922 
0.461055 -- 0.389427 
0.650546 -- 0.619285 
0.321302 -- 0.323781 
0.623597 -- 0.532595 
0.461309 -- 0.43198 
Finalizamos => Error de test final: 0.0206931
**********
SEMILLA 4
**********
1	0.0352219	0	0.0438069
2	0.0343924	0	0.0429868
3	0.0331578	0	0.04113
4	0.0323811	0	0.0395382
5	0.0322532	0	0.0392231
6	0.0332071	0	0.0408632
7	0.0361861	0	0.0450039
8	0.0366876	0	0.0469205
9	0.0337059	0	0.04349
10	0.0319283	0	0.0405869
11	0.0308866	0	0.0383772
12	0.0303572	0	0.0369802
13	0.030118	0	0.0362396
14	0.03009	0	0.0358531
15	0.030161	0	0.0358414
16	0.0301232	0	0.0359241
17	0.030068	0	0.0359651
18	0.0300428	0	0.035973
19	0.0300663	0	0.0359568
20	0.0301485	0	0.035941
21	0.0302093	0	0.0359743
22	0.030131	0	0.0360559
23	0.0299804	0	0.0361541
24	0.0298346	0	0.0362698
25	0.02972	0	0.0364052
26	0.0296426	0	0.0365473
27	0.0295988	0	0.0366784
28	0.0295831	0	0.0367883
29	0.0295932	0	0.0368765
30	0.0296293	0	0.0369479
31	0.029688	0	0.0370072
32	0.0297601	0	0.0370586
33	0.0298324	0	0.0371122
34	0.0298891	0	0.0371813
35	0.0299143	0	0.0372766
36	0.0298862	0	0.0373838
37	0.029784	0	0.0374655
38	0.0296382	0	0.0375287
39	0.0294958	0	0.0375949
40	0.0293619	0	0.0376485
41	0.0292293	0	0.0376756
42	0.0290996	0	0.0376813
43	0.028983	0	0.0376818
44	0.028889	0	0.0376902
45	0.0288164	0	0.0377064
46	0.0287574	0	0.0377226
47	0.0287053	0	0.037733
48	0.0286567	0	0.0377373
49	0.0286107	0	0.0377377
50	0.0285674	0	0.0377376
51	0.0285271	0	0.0377393
52	0.0284897	0	0.0377446
53	0.0284552	0	0.0377539
54	0.0284232	0	0.0377669
55	0.0283933	0	0.037783
56	0.0283651	0	0.0378009
57	0.028338	0	0.0378196
58	0.0283116	0	0.0378379
59	0.0282854	0	0.0378546
60	0.0282592	0	0.0378691
61	0.0282327	0	0.0378807
62	0.0282057	0	0.037889
63	0.0281782	0	0.0378938
64	0.0281501	0	0.0378953
65	0.0281215	0	0.0378934
66	0.0280925	0	0.0378887
67	0.0280632	0	0.0378814
68	0.0280338	0	0.0378723
69	0.0280045	0	0.037862
70	0.0279755	0	0.0378513
71	0.027947	0	0.0378412
72	0.0279193	0	0.0378327
73	0.0278922	0	0.0378269
74	0.0278649	0	0.037824
75	0.0278352	0	0.0378215
76	0.0277969	0	0.0378082
77	0.0277378	0	0.0377524
78	0.0276412	0	0.0375985
79	0.0275067	0	0.0373283
80	0.0273671	0	0.0370159
81	0.0272562	0	0.036751
82	0.0271759	0	0.0365549
83	0.0271157	0	0.0364114
84	0.0270673	0	0.0363021
85	0.027026	0	0.0362145
86	0.0269893	0	0.0361412
87	0.0269555	0	0.0360774
88	0.0269239	0	0.0360203
89	0.0268938	0	0.035968
90	0.026865	0	0.0359192
91	0.0268371	0	0.0358732
92	0.02681	0	0.0358293
93	0.0267836	0	0.0357869
94	0.0267577	0	0.0357459
95	0.0267324	0	0.0357059
96	0.0267074	0	0.0356667
97	0.0266829	0	0.0356281
98	0.0266587	0	0.0355899
99	0.0266347	0	0.0355522
100	0.0266111	0	0.0355147
101	0.0265877	0	0.0354774
102	0.0265646	0	0.0354401
103	0.0265416	0	0.0354029
104	0.0265189	0	0.0353657
105	0.0264963	0	0.0353284
106	0.0264739	0	0.0352909
107	0.0264517	0	0.0352534
108	0.0264296	0	0.0352156
109	0.0264076	0	0.0351776
110	0.0263858	0	0.0351393
111	0.0263641	0	0.0351008
112	0.0263425	0	0.0350619
113	0.026321	0	0.0350227
114	0.0262995	0	0.034983
115	0.0262782	0	0.034943
116	0.0262569	0	0.0349024
117	0.0262356	0	0.0348614
118	0.0262144	0	0.0348198
119	0.0261933	0	0.0347775
120	0.0261721	0	0.0347347
121	0.0261509	0	0.0346911
122	0.0261298	0	0.0346468
123	0.0261086	0	0.0346016
124	0.0260874	0	0.0345556
125	0.0260662	0	0.0345086
126	0.0260449	0	0.0344606
127	0.0260236	0	0.0344116
128	0.0260023	0	0.0343615
129	0.0259809	0	0.0343102
130	0.0259594	0	0.0342578
131	0.0259379	0	0.034204
132	0.0259164	0	0.034149
133	0.0258949	0	0.0340925
134	0.0258734	0	0.0340347
135	0.0258519	0	0.0339754
136	0.0258304	0	0.0339145
137	0.0258091	0	0.0338521
138	0.0257878	0	0.0337878
139	0.0257667	0	0.0337216
140	0.0257458	0	0.0336532
141	0.0257252	0	0.0335823
142	0.0257049	0	0.0335084
143	0.0256851	0	0.0334308
144	0.025666	0	0.0333484
145	0.0256479	0	0.0332598
146	0.0256317	0	0.0331626
147	0.0256186	0	0.0330531
148	0.025612	0	0.0329255
149	0.0256206	0	0.0327697
150	0.0256705	0	0.0325703
151	0.0258591	0	0.0323256
152	0.026412	0	0.0322299
153	0.0265762	0	0.0323742
154	0.0261896	0	0.0325015
155	0.0259412	0	0.032697
156	0.025813	0	0.0328718
157	0.0257403	0	0.0329956
158	0.0256927	0	0.0330711
159	0.0256577	0	0.033112
160	0.0256304	0	0.0331332
161	0.0256089	0	0.0331454
162	0.0255921	0	0.033155
163	0.0255789	0	0.0331643
164	0.0255684	0	0.0331741
165	0.0255598	0	0.0331841
166	0.0255525	0	0.0331937
167	0.025546	0	0.0332025
168	0.02554	0	0.0332102
169	0.0255342	0	0.0332166
170	0.0255286	0	0.0332216
171	0.025523	0	0.0332253
172	0.0255173	0	0.0332277
173	0.0255116	0	0.0332289
174	0.0255057	0	0.0332289
175	0.0254997	0	0.0332279
176	0.0254936	0	0.0332258
177	0.0254873	0	0.0332229
178	0.0254809	0	0.0332191
179	0.0254744	0	0.0332146
180	0.0254678	0	0.0332093
181	0.025461	0	0.0332033
182	0.0254541	0	0.0331968
183	0.0254471	0	0.0331896
184	0.0254401	0	0.0331819
185	0.0254329	0	0.0331737
186	0.0254256	0	0.0331649
187	0.0254182	0	0.0331557
188	0.0254108	0	0.0331461
189	0.0254033	0	0.033136
190	0.0253957	0	0.0331254
191	0.025388	0	0.0331145
192	0.0253803	0	0.0331032
193	0.0253725	0	0.0330915
194	0.0253646	0	0.0330794
195	0.0253567	0	0.0330669
196	0.0253487	0	0.0330541
197	0.0253407	0	0.0330409
198	0.0253326	0	0.0330274
199	0.0253244	0	0.0330135
200	0.0253162	0	0.0329993
201	0.0253079	0	0.0329848
202	0.0252996	0	0.0329699
203	0.0252912	0	0.0329547
204	0.0252828	0	0.0329392
205	0.0252743	0	0.0329234
206	0.0252658	0	0.0329072
207	0.0252573	0	0.0328908
208	0.0252487	0	0.032874
209	0.02524	0	0.032857
210	0.0252314	0	0.0328397
211	0.0252227	0	0.032822
212	0.0252139	0	0.0328041
213	0.0252051	0	0.0327859
214	0.0251964	0	0.0327675
215	0.0251875	0	0.0327487
216	0.0251787	0	0.0327298
217	0.0251698	0	0.0327105
218	0.0251609	0	0.032691
219	0.025152	0	0.0326713
220	0.0251431	0	0.0326514
221	0.0251342	0	0.0326312
222	0.0251253	0	0.0326108
223	0.0251163	0	0.0325902
224	0.0251074	0	0.0325694
225	0.0250985	0	0.0325484
226	0.0250896	0	0.0325273
227	0.0250807	0	0.0325059
228	0.0250718	0	0.0324844
229	0.025063	0	0.0324628
230	0.0250541	0	0.032441
231	0.0250453	0	0.0324191
232	0.0250365	0	0.032397
233	0.0250278	0	0.0323749
234	0.025019	0	0.0323526
235	0.0250104	0	0.0323303
236	0.0250017	0	0.0323079
237	0.0249931	0	0.0322854
238	0.0249846	0	0.0322628
239	0.0249761	0	0.0322402
240	0.0249677	0	0.0322175
241	0.0249593	0	0.0321948
242	0.024951	0	0.0321721
243	0.0249427	0	0.0321493
244	0.0249345	0	0.0321266
245	0.0249264	0	0.0321038
246	0.0249184	0	0.0320811
247	0.0249104	0	0.0320584
248	0.0249025	0	0.0320357
249	0.0248946	0	0.032013
250	0.0248868	0	0.0319904
251	0.0248792	0	0.0319678
252	0.0248715	0	0.0319453
253	0.024864	0	0.0319228
254	0.0248566	0	0.0319004
255	0.0248492	0	0.0318781
256	0.0248419	0	0.0318559
257	0.0248347	0	0.0318337
258	0.0248276	0	0.0318116
259	0.0248205	0	0.0317896
260	0.0248135	0	0.0317678
261	0.0248067	0	0.031746
262	0.0247999	0	0.0317243
263	0.0247931	0	0.0317028
264	0.0247865	0	0.0316813
265	0.02478	0	0.03166
266	0.0247735	0	0.0316388
267	0.0247671	0	0.0316178
268	0.0247608	0	0.0315968
269	0.0247545	0	0.031576
270	0.0247484	0	0.0315554
271	0.0247423	0	0.0315349
272	0.0247363	0	0.0315145
273	0.0247303	0	0.0314942
274	0.0247245	0	0.0314741
275	0.0247187	0	0.0314542
276	0.024713	0	0.0314344
277	0.0247073	0	0.0314148
278	0.0247018	0	0.0313953
279	0.0246963	0	0.031376
280	0.0246908	0	0.0313568
281	0.0246854	0	0.0313379
282	0.0246801	0	0.031319
283	0.0246749	0	0.0313004
284	0.0246697	0	0.0312819
285	0.0246646	0	0.0312636
286	0.0246595	0	0.0312454
287	0.0246545	0	0.0312275
288	0.0246495	0	0.0312097
289	0.0246447	0	0.0311921
290	0.0246398	0	0.0311746
291	0.024635	0	0.0311574
292	0.0246303	0	0.0311403
293	0.0246256	0	0.0311235
294	0.024621	0	0.0311068
295	0.0246164	0	0.0310903
296	0.0246119	0	0.031074
297	0.0246074	0	0.0310579
298	0.0246029	0	0.0310419
299	0.0245985	0	0.0310262
300	0.0245942	0	0.0310107
301	0.0245898	0	0.0309953
302	0.0245856	0	0.0309802
303	0.0245813	0	0.0309652
304	0.0245771	0	0.0309505
305	0.024573	0	0.0309359
306	0.0245688	0	0.0309216
307	0.0245647	0	0.0309074
308	0.0245607	0	0.0308934
309	0.0245566	0	0.0308797
310	0.0245526	0	0.0308661
311	0.0245487	0	0.0308528
312	0.0245447	0	0.0308396
313	0.0245408	0	0.0308266
314	0.0245369	0	0.0308139
315	0.024533	0	0.0308013
316	0.0245291	0	0.0307889
317	0.0245252	0	0.0307767
318	0.0245214	0	0.0307648
319	0.0245175	0	0.030753
320	0.0245137	0	0.0307414
321	0.0245099	0	0.03073
322	0.024506	0	0.0307187
323	0.0245022	0	0.0307077
324	0.0244983	0	0.0306969
325	0.0244944	0	0.0306862
326	0.0244905	0	0.0306758
327	0.0244866	0	0.0306655
328	0.0244827	0	0.0306555
329	0.0244787	0	0.0306456
330	0.0244747	0	0.0306359
331	0.0244706	0	0.0306264
332	0.0244666	0	0.0306171
333	0.0244624	0	0.030608
334	0.0244583	0	0.0305991
335	0.024454	0	0.0305903
336	0.0244498	0	0.0305818
337	0.0244455	0	0.0305735
338	0.0244411	0	0.0305654
339	0.0244367	0	0.0305575
340	0.0244323	0	0.0305498
341	0.0244279	0	0.0305423
342	0.0244234	0	0.030535
343	0.0244189	0	0.0305279
344	0.0244144	0	0.0305209
345	0.0244099	0	0.0305141
346	0.0244054	0	0.0305074
347	0.0244009	0	0.0305008
348	0.0243964	0	0.0304944
349	0.0243919	0	0.030488
350	0.0243874	0	0.0304816
351	0.024383	0	0.0304753
352	0.0243785	0	0.0304691
353	0.0243741	0	0.0304628
354	0.0243697	0	0.0304566
355	0.0243653	0	0.0304503
356	0.0243609	0	0.030444
357	0.0243565	0	0.0304376
358	0.0243521	0	0.0304312
359	0.0243476	0	0.0304248
360	0.0243432	0	0.0304183
361	0.0243388	0	0.0304118
362	0.0243343	0	0.0304052
363	0.0243298	0	0.0303986
364	0.0243253	0	0.0303919
365	0.0243207	0	0.0303852
366	0.0243161	0	0.0303784
367	0.0243114	0	0.0303716
368	0.0243066	0	0.0303648
369	0.0243018	0	0.0303579
370	0.024297	0	0.0303509
371	0.024292	0	0.0303439
372	0.024287	0	0.0303369
373	0.0242818	0	0.0303298
374	0.0242766	0	0.0303226
375	0.0242712	0	0.0303154
376	0.0242658	0	0.0303081
377	0.0242602	0	0.0303008
378	0.0242545	0	0.0302933
379	0.0242486	0	0.0302858
380	0.0242425	0	0.0302782
381	0.0242363	0	0.0302704
382	0.0242299	0	0.0302625
383	0.0242233	0	0.0302545
384	0.0242164	0	0.0302463
385	0.0242094	0	0.0302379
386	0.024202	0	0.0302293
387	0.0241944	0	0.0302206
388	0.0241866	0	0.0302116
389	0.0241784	0	0.0302024
390	0.0241699	0	0.030193
391	0.0241612	0	0.0301834
392	0.0241522	0	0.0301736
393	0.0241429	0	0.0301636
394	0.0241333	0	0.0301534
395	0.0241236	0	0.030143
396	0.0241136	0	0.0301325
397	0.0241035	0	0.0301219
398	0.0240934	0	0.0301112
399	0.0240832	0	0.0301004
400	0.0240729	0	0.0300894
401	0.0240628	0	0.0300784
402	0.0240526	0	0.0300672
403	0.0240426	0	0.0300559
404	0.0240327	0	0.0300445
405	0.0240229	0	0.0300327
406	0.0240132	0	0.0300207
407	0.0240035	0	0.0300084
408	0.023994	0	0.0299957
409	0.0239845	0	0.0299826
410	0.0239751	0	0.0299691
411	0.0239657	0	0.029955
412	0.0239564	0	0.0299403
413	0.023947	0	0.029925
414	0.0239377	0	0.0299091
415	0.0239285	0	0.0298923
416	0.0239195	0	0.0298748
417	0.0239106	0	0.0298564
418	0.0239021	0	0.029837
419	0.0238944	0	0.0298166
420	0.0238879	0	0.0297952
421	0.0238838	0	0.0297732
422	0.0238848	0	0.029752
423	0.0238969	0	0.0297363
424	0.0239351	0	0.0297399
425	0.0240283	0	0.0297934
426	0.0241854	0	0.029913
427	0.0243306	0	0.0300337
428	0.0243991	0	0.0300953
429	0.0244098	0	0.0301121
430	0.0243972	0	0.0301119
431	0.0243786	0	0.0301079
432	0.0243597	0	0.0301042
433	0.0243418	0	0.0301016
434	0.0243247	0	0.0300999
435	0.0243083	0	0.0300987
436	0.0242922	0	0.030098
437	0.0242764	0	0.0300973
438	0.0242605	0	0.0300964
439	0.0242442	0	0.0300949
440	0.0242273	0	0.0300921
441	0.0242094	0	0.0300878
442	0.0241902	0	0.0300812
443	0.0241693	0	0.030072
444	0.0241466	0	0.0300598
445	0.024122	0	0.0300444
446	0.0240955	0	0.0300256
447	0.0240673	0	0.0300038
448	0.0240378	0	0.0299793
449	0.0240075	0	0.0299529
450	0.0239766	0	0.0299251
451	0.0239457	0	0.0298966
452	0.0239148	0	0.0298677
453	0.0238843	0	0.0298388
454	0.0238541	0	0.02981
455	0.0238244	0	0.0297812
456	0.0237952	0	0.0297526
457	0.0237665	0	0.0297241
458	0.0237382	0	0.0296956
459	0.0237105	0	0.0296671
460	0.0236834	0	0.0296385
461	0.0236567	0	0.0296099
462	0.0236306	0	0.0295812
463	0.0236051	0	0.0295525
464	0.0235801	0	0.0295237
465	0.0235557	0	0.0294949
466	0.0235319	0	0.0294661
467	0.0235086	0	0.0294374
468	0.023486	0	0.0294087
469	0.0234638	0	0.02938
470	0.0234423	0	0.0293515
471	0.0234213	0	0.0293231
472	0.0234009	0	0.0292948
473	0.023381	0	0.0292667
474	0.0233617	0	0.0292388
475	0.023343	0	0.0292111
476	0.0233247	0	0.0291836
477	0.023307	0	0.0291564
478	0.0232898	0	0.0291294
479	0.0232731	0	0.0291027
480	0.0232569	0	0.0290762
481	0.0232411	0	0.0290501
482	0.0232259	0	0.0290242
483	0.023211	0	0.0289987
484	0.0231967	0	0.0289735
485	0.0231827	0	0.0289486
486	0.0231692	0	0.028924
487	0.0231561	0	0.0288998
488	0.0231434	0	0.0288759
489	0.0231311	0	0.0288524
490	0.0231191	0	0.0288292
491	0.0231075	0	0.0288063
492	0.0230963	0	0.0287839
493	0.0230854	0	0.0287617
494	0.0230748	0	0.0287399
495	0.0230646	0	0.0287184
496	0.0230547	0	0.0286973
497	0.023045	0	0.0286766
498	0.0230357	0	0.0286562
499	0.0230266	0	0.0286361
500	0.0230179	0	0.0286163
501	0.0230094	0	0.0285969
502	0.0230011	0	0.0285779
503	0.0229931	0	0.0285591
504	0.0229853	0	0.0285407
505	0.0229777	0	0.0285226
506	0.0229704	0	0.0285048
507	0.0229633	0	0.0284874
508	0.0229564	0	0.0284702
509	0.0229497	0	0.0284534
510	0.0229432	0	0.0284368
511	0.0229369	0	0.0284206
512	0.0229307	0	0.0284047
513	0.0229247	0	0.028389
514	0.0229189	0	0.0283737
515	0.0229133	0	0.0283586
516	0.0229078	0	0.0283438
517	0.0229024	0	0.0283293
518	0.0228972	0	0.0283151
519	0.0228921	0	0.0283012
520	0.0228872	0	0.0282876
521	0.0228823	0	0.0282742
522	0.0228776	0	0.0282611
523	0.0228731	0	0.0282483
524	0.0228686	0	0.0282358
525	0.0228642	0	0.0282235
526	0.0228599	0	0.0282116
527	0.0228557	0	0.0281999
528	0.0228516	0	0.0281885
529	0.0228476	0	0.0281774
530	0.0228437	0	0.0281666
531	0.0228398	0	0.0281562
532	0.022836	0	0.028146
533	0.0228322	0	0.0281362
534	0.0228285	0	0.0281268
535	0.0228248	0	0.0281177
536	0.0228212	0	0.028109
537	0.0228175	0	0.0281008
538	0.0228139	0	0.028093
539	0.0228102	0	0.0280857
540	0.0228065	0	0.028079
541	0.0228027	0	0.0280729
542	0.0227989	0	0.0280675
543	0.0227949	0	0.0280629
544	0.0227907	0	0.0280593
545	0.0227863	0	0.0280567
546	0.0227816	0	0.0280553
547	0.0227765	0	0.0280554
548	0.0227709	0	0.0280572
549	0.0227647	0	0.0280611
550	0.0227577	0	0.0280675
551	0.0227498	0	0.028077
552	0.0227406	0	0.0280901
553	0.0227299	0	0.0281074
554	0.0227174	0	0.0281298
555	0.0227029	0	0.0281579
556	0.0226861	0	0.028192
557	0.022667	0	0.028232
558	0.0226458	0	0.0282776
559	0.0226231	0	0.0283274
560	0.0225995	0	0.0283803
561	0.0225761	0	0.0284349
562	0.0225536	0	0.0284903
563	0.0225327	0	0.028546
564	0.0225137	0	0.0286023
565	0.0224967	0	0.0286596
566	0.0224816	0	0.028719
567	0.0224677	0	0.0287815
568	0.0224539	0	0.0288487
569	0.0224382	0	0.0289217
570	0.0224172	0	0.0290006
571	0.0223885	0	0.0290822
572	0.0223591	0	0.0291605
573	0.0223587	0	0.0292284
574	0.022437	0	0.0292857
575	0.0226343	0	0.0293565
576	0.0228519	0	0.0294748
577	0.0228667	0	0.0296105
578	0.0227194	0	0.029701
579	0.0225068	0	0.0296955
580	0.0222645	0	0.0295405
581	0.0220094	0	0.0292081
582	0.0217597	0	0.0287588
583	0.0215338	0	0.0283665
584	0.0213325	0	0.0281365
585	0.021145	0	0.0280266
586	0.0209685	0	0.0279774
587	0.0208029	0	0.0279543
588	0.0206476	0	0.0279447
589	0.0205006	0	0.0279465
590	0.0203598	0	0.0279596
591	0.0202242	0	0.0279803
592	0.020095	0	0.027999
593	0.0199749	0	0.028005
594	0.0198662	0	0.0279936
595	0.0197699	0	0.0279679
596	0.0196857	0	0.0279341
597	0.0196128	0	0.0278979
598	0.0195498	0	0.0278626
599	0.0194954	0	0.0278296
600	0.0194483	0	0.0277991
601	0.0194069	0	0.0277705
602	0.0193702	0	0.027743
603	0.0193369	0	0.0277158
604	0.0193064	0	0.0276883
605	0.0192779	0	0.0276601
606	0.0192513	0	0.0276312
607	0.0192262	0	0.027602
608	0.0192025	0	0.027573
609	0.0191804	0	0.0275448
610	0.0191597	0	0.0275182
611	0.0191407	0	0.0274933
612	0.0191232	0	0.0274703
613	0.0191074	0	0.0274492
614	0.0190931	0	0.0274299
615	0.0190803	0	0.0274119
616	0.0190688	0	0.0273951
617	0.0190585	0	0.0273792
618	0.0190491	0	0.0273639
619	0.0190404	0	0.0273489
620	0.0190322	0	0.027334
621	0.0190244	0	0.027319
622	0.0190167	0	0.0273036
623	0.0190091	0	0.0272878
624	0.0190015	0	0.0272714
625	0.0189936	0	0.0272545
626	0.0189855	0	0.027237
627	0.0189772	0	0.0272191
628	0.0189686	0	0.0272008
629	0.0189596	0	0.0271822
630	0.0189504	0	0.0271635
631	0.0189409	0	0.0271448
632	0.0189311	0	0.0271261
633	0.0189211	0	0.0271077
634	0.0189109	0	0.0270896
635	0.0189004	0	0.027072
636	0.0188898	0	0.0270548
637	0.018879	0	0.0270383
638	0.018868	0	0.0270226
639	0.0188569	0	0.0270078
640	0.0188457	0	0.026994
641	0.0188344	0	0.0269813
642	0.018823	0	0.0269701
643	0.0188115	0	0.0269603
644	0.0188	0	0.0269522
645	0.0187885	0	0.0269459
646	0.018777	0	0.0269414
647	0.0187655	0	0.0269389
648	0.0187541	0	0.0269382
649	0.0187427	0	0.0269392
650	0.0187314	0	0.0269418
651	0.0187201	0	0.0269455
652	0.0187089	0	0.0269501
653	0.0186977	0	0.0269551
654	0.0186865	0	0.0269602
655	0.0186752	0	0.026965
656	0.0186638	0	0.026969
657	0.0186523	0	0.0269721
658	0.0186406	0	0.026974
659	0.0186286	0	0.0269744
660	0.0186164	0	0.0269734
661	0.0186039	0	0.0269708
662	0.0185912	0	0.0269666
663	0.0185781	0	0.0269609
664	0.0185647	0	0.0269536
665	0.0185509	0	0.0269446
666	0.0185365	0	0.0269338
667	0.0185215	0	0.026921
668	0.0185056	0	0.0269056
669	0.0184884	0	0.026887
670	0.0184694	0	0.0268643
671	0.0184481	0	0.0268363
672	0.0184236	0	0.0268016
673	0.018395	0	0.0267584
674	0.0183612	0	0.0267047
675	0.018321	0	0.0266383
676	0.0182732	0	0.0265573
677	0.0182167	0	0.0264599
678	0.0181505	0	0.026345
679	0.0180745	0	0.0262131
680	0.0179892	0	0.0260661
681	0.0178958	0	0.0259072
682	0.017796	0	0.0257396
683	0.0176907	0	0.0255642
684	0.0175793	0	0.0253768
685	0.0174588	0	0.0251657
686	0.0173241	0	0.0249121
687	0.0171702	0	0.0245939
688	0.0169953	0	0.0241943
689	0.0168024	0	0.0237139
690	0.0165973	0	0.0231748
691	0.0163878	0	0.0226142
692	0.0161831	0	0.0220736
693	0.0159927	0	0.0215872
694	0.0158227	0	0.0211738
695	0.015674	0	0.0208354
696	0.0155445	0	0.0205631
697	0.0154308	0	0.020344
698	0.0153298	0	0.0201659
699	0.0152391	0	0.020019
700	0.015157	0	0.0198959
701	0.0150824	0	0.0197913
702	0.0150144	0	0.0197017
703	0.0149524	0	0.0196246
704	0.0148961	0	0.0195585
705	0.014845	0	0.0195023
706	0.0147989	0	0.0194552
707	0.0147572	0	0.0194165
708	0.0147198	0	0.0193859
709	0.0146859	0	0.0193627
710	0.0146553	0	0.0193465
711	0.0146275	0	0.0193365
712	0.014602	0	0.0193324
713	0.0145786	0	0.0193332
714	0.0145571	0	0.0193383
715	0.0145373	0	0.0193467
716	0.014519	0	0.0193575
717	0.0145021	0	0.0193698
718	0.0144865	0	0.0193828
719	0.0144721	0	0.0193958
720	0.0144585	0	0.0194082
721	0.0144458	0	0.0194196
722	0.0144339	0	0.0194298
723	0.0144225	0	0.0194385
724	0.0144117	0	0.019446
725	0.0144014	0	0.0194521
726	0.0143917	0	0.0194571
727	0.0143825	0	0.0194611
728	0.0143738	0	0.0194641
729	0.0143656	0	0.0194662
730	0.0143578	0	0.0194671
731	0.0143501	0	0.0194661
732	0.0143424	0	0.0194628
733	0.0143343	0	0.0194564
734	0.0143258	0	0.0194471
735	0.0143168	0	0.0194352
736	0.0143075	0	0.0194217
737	0.014298	0	0.0194075
738	0.0142884	0	0.0193933
739	0.0142791	0	0.0193795
740	0.0142701	0	0.0193666
741	0.0142614	0	0.0193547
742	0.0142532	0	0.0193439
743	0.0142455	0	0.0193342
744	0.0142383	0	0.0193256
745	0.0142316	0	0.019318
746	0.0142253	0	0.0193114
747	0.0142194	0	0.0193057
748	0.014214	0	0.0193008
749	0.0142089	0	0.0192967
750	0.0142042	0	0.0192932
751	0.0141997	0	0.0192903
752	0.0141956	0	0.0192879
753	0.0141917	0	0.019286
754	0.014188	0	0.0192845
755	0.0141846	0	0.0192834
756	0.0141813	0	0.0192827
757	0.0141783	0	0.0192822
758	0.0141753	0	0.0192821
759	0.0141726	0	0.0192822
760	0.0141699	0	0.0192826
761	0.0141673	0	0.0192832
762	0.0141649	0	0.019284
763	0.0141625	0	0.0192849
764	0.0141602	0	0.0192861
765	0.014158	0	0.0192874
766	0.0141559	0	0.0192889
767	0.0141538	0	0.0192905
768	0.0141518	0	0.0192923
769	0.0141498	0	0.0192942
770	0.0141479	0	0.0192962
771	0.014146	0	0.0192983
772	0.0141442	0	0.0193006
773	0.0141424	0	0.0193029
774	0.0141406	0	0.0193053
775	0.0141389	0	0.0193079
776	0.0141372	0	0.0193105
777	0.0141355	0	0.0193132
778	0.0141339	0	0.019316
779	0.0141323	0	0.0193188
780	0.0141307	0	0.0193217
781	0.0141292	0	0.0193247
782	0.0141276	0	0.0193278
783	0.0141262	0	0.0193309
784	0.0141247	0	0.019334
785	0.0141233	0	0.0193372
786	0.0141219	0	0.0193405
787	0.0141206	0	0.0193438
788	0.0141193	0	0.0193471
789	0.014118	0	0.0193504
790	0.0141168	0	0.0193538
791	0.0141156	0	0.0193572
792	0.0141145	0	0.0193607
793	0.0141134	0	0.0193641
794	0.0141123	0	0.0193676
795	0.0141113	0	0.0193711
796	0.0141104	0	0.0193746
797	0.0141094	0	0.0193781
798	0.0141086	0	0.0193817
799	0.0141077	0	0.0193852
800	0.0141069	0	0.0193888
801	0.0141062	0	0.0193924
802	0.0141054	0	0.019396
803	0.0141047	0	0.0193997
804	0.0141041	0	0.0194033
805	0.0141034	0	0.019407
806	0.0141028	0	0.0194107
807	0.0141022	0	0.0194144
808	0.0141016	0	0.0194182
809	0.014101	0	0.0194219
810	0.0141004	0	0.0194256
811	0.0140998	0	0.0194293
812	0.0140991	0	0.019433
813	0.0140985	0	0.0194367
814	0.0140978	0	0.0194403
815	0.014097	0	0.0194438
816	0.0140963	0	0.0194473
817	0.0140954	0	0.0194506
818	0.0140946	0	0.0194539
819	0.0140937	0	0.019457
820	0.0140928	0	0.0194601
821	0.0140918	0	0.019463
822	0.0140908	0	0.0194658
823	0.0140898	0	0.0194685
824	0.0140888	0	0.0194711
825	0.0140877	0	0.0194736
826	0.0140866	0	0.0194759
827	0.0140856	0	0.0194782
828	0.0140845	0	0.0194804
829	0.0140834	0	0.0194825
830	0.0140822	0	0.0194844
831	0.0140811	0	0.0194864
832	0.01408	0	0.0194882
833	0.0140789	0	0.01949
834	0.0140777	0	0.0194917
835	0.0140766	0	0.0194934
836	0.0140754	0	0.019495
837	0.0140743	0	0.0194965
838	0.0140731	0	0.0194981
839	0.0140719	0	0.0194996
840	0.0140708	0	0.019501
841	0.0140696	0	0.0195025
842	0.0140684	0	0.0195039
843	0.0140673	0	0.0195054
844	0.0140661	0	0.0195068
845	0.0140649	0	0.0195082
846	0.0140637	0	0.0195096
847	0.0140625	0	0.019511
848	0.0140613	0	0.0195124
849	0.0140602	0	0.0195138
850	0.014059	0	0.0195152
851	0.0140578	0	0.0195167
852	0.0140566	0	0.0195181
853	0.0140554	0	0.0195195
854	0.0140542	0	0.019521
855	0.014053	0	0.0195225
856	0.0140517	0	0.0195239
857	0.0140505	0	0.0195254
858	0.0140493	0	0.019527
859	0.0140481	0	0.0195285
860	0.0140468	0	0.01953
861	0.0140456	0	0.0195316
862	0.0140444	0	0.0195331
863	0.0140431	0	0.0195347
864	0.0140418	0	0.0195363
865	0.0140406	0	0.0195379
866	0.0140393	0	0.0195395
867	0.014038	0	0.0195412
868	0.0140367	0	0.0195428
869	0.0140354	0	0.0195445
870	0.014034	0	0.0195462
871	0.0140327	0	0.0195479
872	0.0140314	0	0.0195496
873	0.01403	0	0.0195514
874	0.0140286	0	0.0195531
875	0.0140272	0	0.0195549
876	0.0140258	0	0.0195567
877	0.0140244	0	0.0195585
878	0.014023	0	0.0195603
879	0.0140216	0	0.0195622
880	0.0140201	0	0.0195641
881	0.0140186	0	0.019566
882	0.0140171	0	0.0195679
883	0.0140156	0	0.0195699
884	0.0140141	0	0.0195719
885	0.0140126	0	0.0195739
886	0.0140111	0	0.0195759
887	0.0140095	0	0.019578
888	0.0140079	0	0.0195801
889	0.0140063	0	0.0195822
890	0.0140047	0	0.0195844
891	0.0140031	0	0.0195866
892	0.0140015	0	0.0195888
893	0.0139999	0	0.019591
894	0.0139982	0	0.0195933
895	0.0139965	0	0.0195956
896	0.0139948	0	0.019598
897	0.0139932	0	0.0196004
898	0.0139914	0	0.0196028
899	0.0139897	0	0.0196053
900	0.013988	0	0.0196077
901	0.0139863	0	0.0196103
902	0.0139845	0	0.0196128
903	0.0139828	0	0.0196154
904	0.013981	0	0.019618
905	0.0139792	0	0.0196206
906	0.0139774	0	0.0196233
907	0.0139756	0	0.019626
908	0.0139739	0	0.0196287
909	0.0139721	0	0.0196314
910	0.0139702	0	0.0196342
911	0.0139684	0	0.0196369
912	0.0139666	0	0.0196397
913	0.0139648	0	0.0196425
914	0.013963	0	0.0196453
915	0.0139611	0	0.0196482
916	0.0139593	0	0.019651
917	0.0139575	0	0.0196538
918	0.0139557	0	0.0196567
919	0.0139538	0	0.0196595
920	0.013952	0	0.0196624
921	0.0139502	0	0.0196652
922	0.0139483	0	0.0196681
923	0.0139465	0	0.0196709
924	0.0139447	0	0.0196738
925	0.0139429	0	0.0196766
926	0.0139411	0	0.0196794
927	0.0139392	0	0.0196822
928	0.0139374	0	0.019685
929	0.0139356	0	0.0196877
930	0.0139338	0	0.0196905
931	0.0139321	0	0.0196932
932	0.0139303	0	0.0196959
933	0.0139285	0	0.0196986
934	0.0139267	0	0.0197012
935	0.013925	0	0.0197039
936	0.0139232	0	0.0197065
937	0.0139215	0	0.019709
938	0.0139198	0	0.0197116
939	0.013918	0	0.0197141
940	0.0139163	0	0.0197166
941	0.0139146	0	0.0197191
942	0.0139129	0	0.0197215
943	0.0139113	0	0.0197239
944	0.0139096	0	0.0197263
945	0.0139079	0	0.0197286
946	0.0139063	0	0.019731
947	0.0139047	0	0.0197332
948	0.0139031	0	0.0197355
949	0.0139015	0	0.0197377
950	0.0138999	0	0.0197399
951	0.0138983	0	0.019742
952	0.0138967	0	0.0197442
953	0.0138952	0	0.0197463
954	0.0138936	0	0.0197483
955	0.0138921	0	0.0197504
956	0.0138906	0	0.0197524
957	0.0138891	0	0.0197543
958	0.0138876	0	0.0197563
959	0.0138861	0	0.0197582
960	0.0138847	0	0.0197601
961	0.0138832	0	0.0197619
962	0.0138818	0	0.0197638
963	0.0138803	0	0.0197656
964	0.0138789	0	0.0197673
965	0.0138775	0	0.0197691
966	0.0138761	0	0.0197708
967	0.0138748	0	0.0197725
968	0.0138734	0	0.0197742
969	0.013872	0	0.0197758
970	0.0138707	0	0.0197774
971	0.0138694	0	0.019779
972	0.013868	0	0.0197806
973	0.0138667	0	0.0197821
974	0.0138654	0	0.0197836
975	0.0138641	0	0.0197851
976	0.0138628	0	0.0197866
977	0.0138616	0	0.019788
978	0.0138603	0	0.0197895
979	0.0138591	0	0.0197909
980	0.0138578	0	0.0197922
981	0.0138566	0	0.0197936
982	0.0138554	0	0.0197949
983	0.0138541	0	0.0197963
984	0.0138529	0	0.0197976
985	0.0138517	0	0.0197988
986	0.0138505	0	0.0198001
987	0.0138493	0	0.0198013
988	0.0138482	0	0.0198026
989	0.013847	0	0.0198038
990	0.0138458	0	0.019805
991	0.0138446	0	0.0198061
992	0.0138435	0	0.0198073
993	0.0138423	0	0.0198084
994	0.0138412	0	0.0198095
995	0.0138401	0	0.0198106
996	0.0138389	0	0.0198117
997	0.0138378	0	0.0198128
998	0.0138367	0	0.0198139
999	0.0138356	0	0.0198149
1000	0.0138344	0	0.0198159
PESOS DE LA RED
===============
Salida Esperada Vs Salida Obtenida (test)
=========================================
0.430996 -- 0.613646 
0.40083 -- 0.52312 
0.191116 -- 0.304459 
0.366144 -- 0.33918 
0.367519 -- 0.407651 
0.604647 -- 0.520812 
0.465379 -- 0.461157 
0.459066 -- 0.505918 
0.161198 -- 0.281995 
0.529216 -- 0.299303 
0.232835 -- 0.342143 
0.268985 -- 0.407678 
0.404717 -- 0.609823 
0.234433 -- 0.366858 
0.68694 -- 0.571631 
0.612588 -- 0.520451 
0.472511 -- 0.59664 
0.771912 -- 0.622193 
0.767634 -- 0.604738 
0.529077 -- 0.508921 
0.840582 -- 0.626217 
0.304584 -- 0.219443 
0.375972 -- 0.233164 
0.706528 -- 0.53505 
0.192498 -- 0.30305 
0 -- 0.30171 
0.445856 -- 0.463243 
0.199522 -- 0.411157 
0.473098 -- 0.318001 
0.517121 -- 0.330582 
0.125798 -- 0.312535 
0.399047 -- 0.222101 
0.360765 -- 0.499025 
0.61931 -- 0.583966 
0.419672 -- 0.259991 
0.657247 -- 0.446464 
0.461055 -- 0.364328 
0.650546 -- 0.583831 
0.321302 -- 0.318084 
0.623597 -- 0.509192 
0.461309 -- 0.424605 
Finalizamos => Error de test final: 0.0198159
**********
SEMILLA 5
**********
1	0.0313858	0	0.0407267
2	0.0330034	0	0.0430283
3	0.0332283	0	0.0432539
4	0.0331865	0	0.0431111
5	0.0334114	0	0.0433752
6	0.0333841	0	0.0432635
7	0.033265	0	0.042914
8	0.0331422	0	0.0425184
9	0.032863	0	0.0419323
10	0.0324931	0	0.0413057
11	0.032262	0	0.0409512
12	0.0321568	0	0.0408228
13	0.0321502	0	0.040883
14	0.0322689	0	0.0411842
15	0.0325808	0	0.041847
16	0.0330122	0	0.0427173
17	0.0330191	0	0.042953
18	0.0325652	0	0.0425017
19	0.0319576	0	0.0417428
20	0.031357	0	0.0408316
21	0.0308751	0	0.0399197
22	0.030631	0	0.0392988
23	0.0305334	0	0.0389464
24	0.0305019	0	0.0387671
25	0.0305002	0	0.0387098
26	0.0305188	0	0.0387798
27	0.0305678	0	0.0390253
28	0.030678	0	0.0394872
29	0.0308757	0	0.0400885
30	0.0311134	0	0.0406172
31	0.0312713	0	0.040902
32	0.0312242	0	0.040794
33	0.0310281	0	0.0404122
34	0.0307977	0	0.0399625
35	0.0305946	0	0.0395636
36	0.0304376	0	0.0392578
37	0.0303246	0	0.039046
38	0.0302469	0	0.0389113
39	0.0301946	0	0.0388324
40	0.0301592	0	0.0387897
41	0.0301336	0	0.0387673
42	0.0301123	0	0.0387529
43	0.0300907	0	0.0387367
44	0.0300662	0	0.0387131
45	0.0300416	0	0.0386876
46	0.0300252	0	0.0386763
47	0.0300193	0	0.0386844
48	0.0300201	0	0.0387041
49	0.030024	0	0.0387286
50	0.0300292	0	0.0387545
51	0.0300349	0	0.0387806
52	0.0300408	0	0.0388063
53	0.0300467	0	0.0388316
54	0.0300527	0	0.0388565
55	0.0300586	0	0.0388811
56	0.0300646	0	0.0389054
57	0.0300705	0	0.0389294
58	0.0300764	0	0.0389532
59	0.0300822	0	0.0389766
60	0.0300879	0	0.0389995
61	0.0300934	0	0.0390216
62	0.0300985	0	0.0390426
63	0.030103	0	0.0390617
64	0.0301066	0	0.0390783
65	0.0301089	0	0.0390913
66	0.0301094	0	0.0390994
67	0.0301073	0	0.0391009
68	0.0301021	0	0.0390941
69	0.0300928	0	0.039077
70	0.0300788	0	0.0390477
71	0.0300594	0	0.0390043
72	0.0300342	0	0.0389454
73	0.0300031	0	0.0388702
74	0.0299662	0	0.0387779
75	0.0299236	0	0.0386684
76	0.0298758	0	0.0385411
77	0.0298229	0	0.0383958
78	0.0297652	0	0.0382331
79	0.0297024	0	0.0380547
80	0.0296289	0	0.0378524
81	0.0295269	0	0.0375731
82	0.0294182	0	0.0372208
83	0.0293599	0	0.036951
84	0.029337	0	0.0367802
85	0.0293274	0	0.0366632
86	0.0293221	0	0.0365728
87	0.0293183	0	0.0364966
88	0.0293149	0	0.03643
89	0.0293113	0	0.0363728
90	0.0293062	0	0.0363277
91	0.0292976	0	0.0362962
92	0.0292842	0	0.0362767
93	0.0292658	0	0.0362657
94	0.0292432	0	0.0362601
95	0.0292173	0	0.0362591
96	0.0291893	0	0.0362646
97	0.0291598	0	0.0362818
98	0.0291295	0	0.0363202
99	0.0290992	0	0.0363912
100	0.0290703	0	0.0365031
101	0.0290448	0	0.0366521
102	0.0290243	0	0.0368178
103	0.0290074	0	0.0369718
104	0.0289916	0	0.0370926
105	0.0289744	0	0.0371725
106	0.0289551	0	0.0372143
107	0.0289341	0	0.0372261
108	0.0289117	0	0.0372154
109	0.0288886	0	0.0371885
110	0.028865	0	0.037151
111	0.0288412	0	0.0371075
112	0.0288174	0	0.0370622
113	0.0287935	0	0.0370182
114	0.0287696	0	0.0369771
115	0.0287456	0	0.0369395
116	0.0287213	0	0.0369056
117	0.0286965	0	0.0368749
118	0.028671	0	0.0368469
119	0.0286447	0	0.0368212
120	0.0286173	0	0.0367974
121	0.0285885	0	0.0367753
122	0.0285581	0	0.0367549
123	0.0285257	0	0.0367363
124	0.0284911	0	0.0367199
125	0.0284538	0	0.0367063
126	0.0284136	0	0.0366965
127	0.0283707	0	0.0366917
128	0.0283256	0	0.0366928
129	0.0282797	0	0.0366985
130	0.0282359	0	0.0367023
131	0.028198	0	0.0366875
132	0.0281703	0	0.0366289
133	0.0281576	0	0.0365086
134	0.0281618	0	0.0363387
135	0.028177	0	0.0361562
136	0.0281914	0	0.0359977
137	0.0281943	0	0.0358839
138	0.0281833	0	0.0358162
139	0.0281626	0	0.0357831
140	0.0281375	0	0.0357691
141	0.0281111	0	0.0357618
142	0.0280844	0	0.0357529
143	0.0280569	0	0.0357378
144	0.0280274	0	0.0357128
145	0.0279935	0	0.035673
146	0.0279506	0	0.0356091
147	0.0278898	0	0.0355052
148	0.0278039	0	0.0353549
149	0.0277064	0	0.0352055
150	0.0276116	0	0.0350987
151	0.0275138	0	0.0350196
152	0.027404	0	0.0349456
153	0.0272786	0	0.0348679
154	0.0271401	0	0.0347875
155	0.0269942	0	0.0347078
156	0.0268472	0	0.0346301
157	0.0267045	0	0.0345541
158	0.026571	0	0.0344789
159	0.0264502	0	0.0344041
160	0.0263436	0	0.0343295
161	0.02625	0	0.0342547
162	0.0261668	0	0.0341785
163	0.0260913	0	0.0340989
164	0.0260227	0	0.0340142
165	0.0259693	0	0.0339301
166	0.0259637	0	0.0338791
167	0.0260559	0	0.033921
168	0.02625	0	0.0340685
169	0.026522	0	0.0343119
170	0.0266527	0	0.0344367
171	0.0266694	0	0.0344474
172	0.0267918	0	0.0345663
173	0.0269606	0	0.0347898
174	0.0268949	0	0.0347263
175	0.0267694	0	0.0345796
176	0.0266252	0	0.0343993
177	0.0264707	0	0.0341921
178	0.0263073	0	0.0339604
179	0.0261359	0	0.0337106
180	0.025961	0	0.0334551
181	0.0257911	0	0.0332077
182	0.0256344	0	0.0329771
183	0.0254952	0	0.0327654
184	0.0253736	0	0.0325716
185	0.0252674	0	0.0323944
186	0.0251745	0	0.0322326
187	0.0250927	0	0.0320852
188	0.0250205	0	0.0319511
189	0.0249565	0	0.0318293
190	0.0248994	0	0.0317185
191	0.0248483	0	0.0316178
192	0.0248025	0	0.0315261
193	0.0247611	0	0.0314423
194	0.0247236	0	0.0313657
195	0.0246895	0	0.0312956
196	0.0246584	0	0.0312312
197	0.0246299	0	0.0311721
198	0.0246038	0	0.0311178
199	0.0245798	0	0.031068
200	0.0245577	0	0.0310223
201	0.0245375	0	0.0309804
202	0.0245189	0	0.030942
203	0.0245018	0	0.0309068
204	0.0244862	0	0.0308746
205	0.024472	0	0.0308451
206	0.024459	0	0.0308179
207	0.0244471	0	0.0307928
208	0.0244363	0	0.0307694
209	0.0244263	0	0.0307476
210	0.0244172	0	0.030727
211	0.0244087	0	0.0307075
212	0.0244007	0	0.0306889
213	0.0243932	0	0.030671
214	0.024386	0	0.0306537
215	0.0243791	0	0.030637
216	0.0243723	0	0.0306207
217	0.0243657	0	0.0306049
218	0.024359	0	0.0305894
219	0.0243523	0	0.0305744
220	0.0243455	0	0.0305597
221	0.0243385	0	0.0305454
222	0.0243314	0	0.0305315
223	0.0243239	0	0.0305179
224	0.0243162	0	0.0305048
225	0.024308	0	0.0304921
226	0.0242995	0	0.0304798
227	0.0242906	0	0.0304679
228	0.0242811	0	0.0304564
229	0.0242711	0	0.0304453
230	0.0242604	0	0.0304347
231	0.0242491	0	0.0304245
232	0.024237	0	0.0304148
233	0.024224	0	0.0304055
234	0.02421	0	0.0303968
235	0.0241947	0	0.0303886
236	0.0241779	0	0.0303811
237	0.0241592	0	0.0303746
238	0.0241378	0	0.0303692
239	0.0241126	0	0.0303656
240	0.0240823	0	0.0303643
241	0.0240461	0	0.0303654
242	0.0240059	0	0.0303678
243	0.0239668	0	0.0303701
244	0.0239318	0	0.0303718
245	0.0238998	0	0.0303734
246	0.0238678	0	0.0303761
247	0.0238337	0	0.0303808
248	0.0237961	0	0.030388
249	0.0237547	0	0.0303977
250	0.0237102	0	0.0304088
251	0.023664	0	0.0304203
252	0.0236172	0	0.0304313
253	0.0235702	0	0.0304415
254	0.0235227	0	0.0304509
255	0.0234742	0	0.0304598
256	0.0234237	0	0.0304686
257	0.0233704	0	0.0304773
258	0.0233129	0	0.0304854
259	0.0232505	0	0.0304904
260	0.0231833	0	0.030487
261	0.0231134	0	0.0304677
262	0.0230433	0	0.0304319
263	0.0229727	0	0.03039
264	0.0228993	0	0.030352
265	0.0228212	0	0.0303198
266	0.0227376	0	0.0302908
267	0.0226492	0	0.0302626
268	0.0225568	0	0.0302336
269	0.0224614	0	0.0302028
270	0.0223638	0	0.0301696
271	0.0222648	0	0.0301339
272	0.022165	0	0.0300956
273	0.0220649	0	0.0300551
274	0.0219649	0	0.0300126
275	0.0218654	0	0.0299687
276	0.0217666	0	0.0299237
277	0.0216688	0	0.0298781
278	0.0215721	0	0.0298322
279	0.0214766	0	0.0297863
280	0.0213825	0	0.0297405
281	0.0212899	0	0.0296949
282	0.0211988	0	0.0296495
283	0.0211094	0	0.0296042
284	0.0210218	0	0.0295592
285	0.0209362	0	0.0295143
286	0.0208526	0	0.0294696
287	0.0207713	0	0.0294252
288	0.0206923	0	0.0293811
289	0.0206158	0	0.0293374
290	0.0205418	0	0.0292943
291	0.0204705	0	0.0292518
292	0.0204019	0	0.02921
293	0.0203359	0	0.0291692
294	0.0202726	0	0.0291292
295	0.0202119	0	0.0290903
296	0.0201539	0	0.0290525
297	0.0200985	0	0.0290158
298	0.0200456	0	0.0289802
299	0.0199952	0	0.0289459
300	0.0199472	0	0.0289128
301	0.0199015	0	0.028881
302	0.0198581	0	0.0288504
303	0.0198168	0	0.028821
304	0.0197777	0	0.0287929
305	0.0197405	0	0.0287659
306	0.0197053	0	0.0287401
307	0.019672	0	0.0287155
308	0.0196404	0	0.028692
309	0.0196106	0	0.0286696
310	0.0195823	0	0.0286483
311	0.0195556	0	0.028628
312	0.0195304	0	0.0286086
313	0.0195066	0	0.0285902
314	0.0194841	0	0.0285728
315	0.0194629	0	0.0285562
316	0.0194429	0	0.0285405
317	0.019424	0	0.0285256
318	0.0194063	0	0.0285115
319	0.0193895	0	0.0284982
320	0.0193738	0	0.0284856
321	0.019359	0	0.0284737
322	0.019345	0	0.0284624
323	0.0193319	0	0.0284518
324	0.0193196	0	0.0284418
325	0.0193081	0	0.0284324
326	0.0192973	0	0.0284236
327	0.0192872	0	0.0284153
328	0.0192778	0	0.0284075
329	0.019269	0	0.0284002
330	0.0192608	0	0.0283932
331	0.0192532	0	0.0283867
332	0.0192462	0	0.0283804
333	0.0192398	0	0.0283743
334	0.0192339	0	0.0283683
335	0.0192285	0	0.0283623
336	0.0192236	0	0.0283561
337	0.019219	0	0.0283495
338	0.0192149	0	0.0283424
339	0.019211	0	0.0283346
340	0.0192072	0	0.0283259
341	0.0192035	0	0.0283165
342	0.0191997	0	0.0283063
343	0.0191958	0	0.0282955
344	0.0191916	0	0.0282845
345	0.0191871	0	0.0282735
346	0.0191824	0	0.0282629
347	0.0191775	0	0.0282528
348	0.0191723	0	0.0282435
349	0.0191671	0	0.028235
350	0.0191618	0	0.0282273
351	0.0191565	0	0.0282204
352	0.0191513	0	0.0282143
353	0.0191461	0	0.0282088
354	0.019141	0	0.028204
355	0.019136	0	0.0281997
356	0.0191311	0	0.0281959
357	0.0191263	0	0.0281925
358	0.0191216	0	0.0281895
359	0.019117	0	0.0281868
360	0.0191126	0	0.0281844
361	0.0191082	0	0.0281823
362	0.0191039	0	0.0281804
363	0.0190997	0	0.0281787
364	0.0190955	0	0.0281773
365	0.0190915	0	0.028176
366	0.0190875	0	0.0281749
367	0.0190836	0	0.028174
368	0.0190797	0	0.0281733
369	0.0190759	0	0.0281727
370	0.0190722	0	0.0281723
371	0.0190685	0	0.028172
372	0.0190649	0	0.0281718
373	0.0190613	0	0.0281718
374	0.0190577	0	0.0281719
375	0.0190542	0	0.0281721
376	0.0190507	0	0.0281724
377	0.0190473	0	0.0281728
378	0.0190439	0	0.0281733
379	0.0190405	0	0.0281739
380	0.0190372	0	0.0281746
381	0.0190339	0	0.0281753
382	0.0190307	0	0.0281761
383	0.0190274	0	0.028177
384	0.0190242	0	0.0281779
385	0.019021	0	0.0281788
386	0.0190179	0	0.0281797
387	0.0190147	0	0.0281807
388	0.0190116	0	0.0281817
389	0.0190085	0	0.0281827
390	0.0190053	0	0.0281836
391	0.0190022	0	0.0281845
392	0.0189991	0	0.0281854
393	0.0189959	0	0.0281863
394	0.0189927	0	0.0281871
395	0.0189895	0	0.0281878
396	0.0189862	0	0.0281885
397	0.0189828	0	0.0281891
398	0.0189793	0	0.0281896
399	0.0189758	0	0.02819
400	0.0189721	0	0.0281904
401	0.0189682	0	0.0281906
402	0.0189642	0	0.0281907
403	0.0189601	0	0.0281907
404	0.0189557	0	0.0281906
405	0.0189511	0	0.0281903
406	0.0189463	0	0.0281899
407	0.0189412	0	0.0281894
408	0.0189359	0	0.0281887
409	0.0189304	0	0.0281879
410	0.0189246	0	0.028187
411	0.0189187	0	0.0281859
412	0.0189126	0	0.0281848
413	0.0189064	0	0.0281836
414	0.0189001	0	0.0281824
415	0.0188938	0	0.0281812
416	0.0188875	0	0.0281801
417	0.0188813	0	0.0281792
418	0.0188753	0	0.0281786
419	0.0188696	0	0.0281784
420	0.0188642	0	0.0281788
421	0.0188595	0	0.0281801
422	0.0188554	0	0.0281825
423	0.0188522	0	0.0281865
424	0.0188503	0	0.0281924
425	0.01885	0	0.028201
426	0.0188517	0	0.028213
427	0.0188562	0	0.0282293
428	0.0188643	0	0.0282511
429	0.0188769	0	0.0282797
430	0.0188954	0	0.0283166
431	0.0189212	0	0.0283634
432	0.018956	0	0.0284214
433	0.0190014	0	0.0284917
434	0.0190583	0	0.0285742
435	0.0191267	0	0.0286678
436	0.0192044	0	0.028769
437	0.0192861	0	0.0288722
438	0.0193636	0	0.0289696
439	0.0194266	0	0.0290525
440	0.0194651	0	0.0291131
441	0.0194726	0	0.0291472
442	0.0194482	0	0.0291544
443	0.0193958	0	0.0291365
444	0.019322	0	0.0290938
445	0.0192334	0	0.0290252
446	0.0191374	0	0.0289336
447	0.0190425	0	0.0288297
448	0.018956	0	0.0287287
449	0.0188822	0	0.0286425
450	0.0188216	0	0.0285757
451	0.0187729	0	0.0285272
452	0.0187341	0	0.0284935
453	0.0187033	0	0.028471
454	0.018679	0	0.0284567
455	0.0186599	0	0.0284484
456	0.0186454	0	0.0284448
457	0.0186347	0	0.0284452
458	0.0186277	0	0.0284495
459	0.0186242	0	0.0284579
460	0.0186243	0	0.0284709
461	0.0186283	0	0.0284891
462	0.0186364	0	0.0285137
463	0.0186493	0	0.0285456
464	0.0186676	0	0.0285859
465	0.0186919	0	0.0286349
466	0.0187225	0	0.0286915
467	0.0187596	0	0.028753
468	0.0188026	0	0.0288143
469	0.01885	0	0.028869
470	0.0188995	0	0.0289116
471	0.0189492	0	0.028943
472	0.0189995	0	0.0289708
473	0.0190548	0	0.0290058
474	0.0191219	0	0.0290597
475	0.0191794	0	0.0290978
476	0.0191884	0	0.0290294
477	0.0191721	0	0.0289131
478	0.0191457	0	0.0287955
479	0.0191152	0	0.0286839
480	0.0190852	0	0.0285824
481	0.0190589	0	0.028495
482	0.0190375	0	0.0284235
483	0.0190208	0	0.0283669
484	0.0190083	0	0.0283228
485	0.0189989	0	0.0282883
486	0.0189921	0	0.0282612
487	0.0189871	0	0.0282394
488	0.0189836	0	0.0282216
489	0.0189811	0	0.0282068
490	0.0189793	0	0.0281944
491	0.0189783	0	0.0281844
492	0.0189779	0	0.0281767
493	0.0189782	0	0.0281718
494	0.0189793	0	0.0281697
495	0.018981	0	0.0281702
496	0.0189832	0	0.0281731
497	0.0189858	0	0.028178
498	0.0189886	0	0.0281844
499	0.0189917	0	0.0281921
500	0.018995	0	0.0282008
501	0.0189985	0	0.0282104
502	0.0190024	0	0.0282205
503	0.0190065	0	0.0282313
504	0.019011	0	0.0282426
505	0.0190159	0	0.0282543
506	0.0190213	0	0.0282665
507	0.0190271	0	0.0282791
508	0.0190335	0	0.0282922
509	0.0190405	0	0.0283058
510	0.0190481	0	0.02832
Salida porque no mejora el entrenamiento!!
PESOS DE LA RED
===============
Salida Esperada Vs Salida Obtenida (test)
=========================================
0.430996 -- 0.364112 
0.40083 -- 0.447316 
0.191116 -- 0.325701 
0.366144 -- 0.370491 
0.367519 -- 0.418747 
0.604647 -- 0.364128 
0.465379 -- 0.483112 
0.459066 -- 0.433742 
0.161198 -- 0.365362 
0.529216 -- 0.329603 
0.232835 -- 0.40006 
0.268985 -- 0.364332 
0.404717 -- 0.660726 
0.234433 -- 0.424205 
0.68694 -- 0.569685 
0.612588 -- 0.512078 
0.472511 -- 0.580655 
0.771912 -- 0.364114 
0.767634 -- 0.36411 
0.529077 -- 0.364137 
0.840582 -- 0.669433 
0.304584 -- 0.368414 
0.375972 -- 0.36682 
0.706528 -- 0.572901 
0.192498 -- 0.380071 
0 -- 0.32544 
0.445856 -- 0.412148 
0.199522 -- 0.397097 
0.473098 -- 0.365726 
0.517121 -- 0.364767 
0.125798 -- 0.354859 
0.399047 -- 0.367796 
0.360765 -- 0.529135 
0.61931 -- 0.58325 
0.419672 -- 0.365819 
0.657247 -- 0.364226 
0.461055 -- 0.370737 
0.650546 -- 0.567565 
0.321302 -- 0.364885 
0.623597 -- 0.514316 
0.461309 -- 0.438872 
Finalizamos => Error de test final: 0.0284579
HEMOS TERMINADO TODAS LAS SEMILLAS
INFORME FINAL
*************
Error de entrenamiento (Media +- DT): 0.0161846 +- 0.00624033
Error de test (Media +- DT):          0.0234001 +- 0.00826162
