16	16.3333	17.3333
16	16.2222	17.3333
15.6667	16.1111	17.3333
16.3333	16.3333	18.6667
16.6667	16.2222	18.6667
17.3333	16.2222	18.6667
17.3333	16.1111	18.6667
17.3333	17.6667	20
18.3333	18.4444	22.6667
20.3333	19.2222	24
21	19.4444	24
23	20.1111	28
24.6667	20.2222	32
26	21.1111	33.3333
27.3333	21.2222	36
27.6667	21	36
28.6667	21.4444	36
29.3333	21.5556	36
30	21.8889	37.3333
32	22.6667	38.6667
33	23.5556	40
33.3333	24.3333	40
35	24.7778	40
37	25.2222	41.3333
38	25.6667	42.6667
38.6667	26.4444	44
40	26.7778	45.3333
40.6667	27.3333	45.3333
41.3333	28.4444	49.3333
41.6667	28.6667	49.3333
42.3333	29	49.3333
42.3333	29.3333	49.3333
43	30.3333	52
43	30.8889	52
44	31.3333	52
45	31.7778	53.3333
46	32.4444	53.3333
47.3333	33.2222	54.6667
48	33.5556	56
49.3333	34	56
50.3333	34.5556	57.3333
50.6667	34.6667	58.6667
50.6667	34.8889	58.6667
51.3333	35.5556	60
52.6667	36	60
53	36.7778	60
53.6667	37.1111	60
54.3333	38.2222	61.3333
54.3333	38.8889	61.3333
56	39.8889	62.6667
56	40.3333	62.6667
57.6667	40.4444	65.3333
58.3333	40.8889	65.3333
59.3333	41.6667	66.6667
60.6667	42.3333	68
61.6667	42.7778	68
62.3333	43.6667	68
62.6667	44	69.3333
63	44.2222	69.3333
63.6667	44.6667	69.3333
64	45	70.6667
65.3333	45.2222	72
65.3333	45.6667	72
66	46	73.3333
66.6667	46.7778	74.6667
67	46.8889	74.6667
67.3333	47.1111	74.6667
68.6667	47.6667	74.6667
69	47.8889	74.6667
69	47.7778	74.6667
69.3333	48.1111	76
69.6667	48.1111	77.3333
70	47.8889	77.3333
70	47.8889	77.3333
70	48.3333	77.3333
70.6667	48.6667	77.3333
71	49.2222	77.3333
71	49.6667	77.3333
71.6667	49.6667	77.3333
72	50.1111	77.3333
72.3333	50.7778	77.3333
72.3333	51.2222	77.3333
72.3333	51.5556	77.3333
72.3333	51.7778	77.3333
72.3333	51.8889	77.3333
72.3333	52.2222	77.3333
72.6667	52.1111	77.3333
73	52.4444	77.3333
73.3333	52.5556	77.3333
73.6667	52.6667	78.6667
74	52.5556	78.6667
74	52.8889	78.6667
74	53.2222	78.6667
74	53.6667	78.6667
74	53.8889	78.6667
74.3333	54.4444	78.6667
74.6667	54.5556	78.6667
74.6667	54.6667	78.6667
74.6667	54.6667	78.6667
75	54.7778	80
75	54.7778	80
75.3333	54.7778	80
75.6667	55	80
76	55.2222	80
76	55.3333	80
76	55.4444	80
76.3333	55.4444	80
76.3333	55.5556	80
76.3333	55.7778	80
77.3333	55.8889	82.6667
78	55.7778	82.6667
78	55.7778	82.6667
78	55.7778	82.6667
78	55.7778	82.6667
78	55.5556	82.6667
78	55.5556	82.6667
78	55.4444	82.6667
78.6667	55.6667	84
79.6667	55.5556	86.6667
80	55.6667	86.6667
80.3333	55.4444	88
80.6667	55.4444	86.6667
80.6667	56	86.6667
81	56.2222	86.6667
81.6667	56.2222	86.6667
82	56.2222	88
82.3333	56.2222	89.3333
83	56.4444	89.3333
84	56.4444	89.3333
84	57.1111	89.3333
84.3333	56.8889	89.3333
84.6667	56.5556	89.3333
84.6667	56.8889	89.3333
84.6667	56.8889	89.3333
85	57	89.3333
85.6667	57.1111	90.6667
86	57.4444	92
86.3333	57.6667	92
86.3333	57.7778	92
86.3333	57.8889	92
87	58.3333	92
87.3333	58.3333	92
87.3333	58.6667	92
87.6667	58.7778	93.3333
88	58.8889	93.3333
88	59.1111	93.3333
88	59.2222	93.3333
88	59.1111	93.3333
88.6667	59.1111	93.3333
88.6667	59.5556	93.3333
88.6667	59.8889	93.3333
88.6667	60.6667	93.3333
89	60.5556	93.3333
89	60.6667	93.3333
89.3333	61	93.3333
89.3333	61	93.3333
90	61.1111	94.6667
90	61.5556	94.6667
90	61.5556	94.6667
90	61.7778	94.6667
90	61.7778	94.6667
90.6667	61.7778	96
92	61.6667	97.3333
92.3333	61.8889	97.3333
92.3333	62.1111	97.3333
92.3333	62.2222	97.3333
92.3333	62.4444	97.3333
92.3333	62.7778	97.3333
93	63.1111	97.3333
93.3333	63.2222	97.3333
93.3333	63.2222	97.3333
93.3333	63.1111	97.3333
94	63.5556	97.3333
94.3333	63.6667	97.3333
95	63.6667	97.3333
95	63.8889	97.3333
95	63.8889	97.3333
95	64.1111	97.3333
95.3333	64.3333	97.3333
95.3333	64.3333	97.3333
95.3333	64.4444	97.3333
95.3333	64.7778	97.3333
95.3333	64.5556	97.3333
95.3333	64.7778	97.3333
95.3333	65	97.3333
95.3333	65.2222	97.3333
95.3333	65.3333	97.3333
95.3333	65.4444	97.3333
95.6667	65.5556	98.6667
95.6667	65.7778	98.6667
95.6667	65.8889	98.6667
95.6667	65.7778	98.6667
96	65.8889	98.6667
96	66.1111	98.6667
96	66.3333	98.6667
96	66.3333	98.6667
96	66.3333	98.6667
96	66.4444	98.6667
96	66.4444	98.6667
96.3333	66.6667	98.6667
96.3333	66.8889	98.6667
96.3333	67	98.6667
96.3333	67	98.6667
96.3333	67	98.6667
96.3333	67.1111	98.6667
96.3333	67.1111	98.6667
96.3333	67.1111	98.6667
96.3333	67.1111	98.6667
96.3333	67.1111	98.6667
96.3333	67.3333	98.6667
96.3333	67.3333	98.6667
96.3333	67.3333	98.6667
96.3333	67.3333	98.6667
96.3333	67.3333	98.6667
96.3333	67.3333	98.6667
96.3333	67.3333	98.6667
96.3333	67.3333	98.6667
96.3333	67.3333	98.6667
96.3333	67.3333	98.6667
96.3333	67.3333	98.6667
96.3333	67.3333	98.6667
96.3333	67.3333	98.6667
96.3333	67.3333	98.6667
96.3333	67.3333	98.6667
96.3333	67.3333	98.6667
96.3333	67.3333	98.6667
96.6667	67.3333	100
96.6667	67.2222	100
96.6667	67.3333	100
96.6667	67.3333	100
96.6667	67.3333	100
96.6667	67.3333	100
96.6667	67.3333	100
96.6667	67.3333	100
96.6667	67.2222	100
96.6667	67.1111	100
96.6667	67.1111	100
96.6667	67.2222	100
96.6667	67.1111	100
96.6667	67	100
96.6667	67	100
96.6667	67	100
97	67	100
97	67	100
97	67.1111	100
97	67.2222	100
97	67.3333	100
97	67.3333	100
97	67.3333	100
97.3333	67.4444	100
97.3333	67.4444	100
97.3333	67.3333	100
97.3333	67.3333	100
97.3333	67.3333	100
97.3333	67.3333	100
97.3333	67.3333	100
97.3333	67.4444	100
97.3333	67.3333	100
97.3333	67.3333	100
97.3333	67.3333	100
97.3333	67.3333	100
97.3333	67.4444	100
97.3333	67.4444	100
97.3333	67.4444	100
97.3333	67.5556	100
97.3333	67.5556	100
97.3333	67.5556	100
97.3333	67.6667	100
97.6667	67.6667	100
97.6667	67.6667	100
97.6667	67.6667	100
97.6667	67.5556	100
97.6667	67.5556	100
97.6667	67.5556	100
98	67.5556	100
98	67.5556	100
98	67.6667	100
98	67.7778	100
98	67.7778	100
98	67.7778	100
98	67.8889	100
98	67.8889	100
98	67.8889	100
98	67.8889	100
98	67.7778	100
98	67.7778	100
98	67.7778	100
98	67.7778	100
98	67.7778	100
98	67.8889	100
98	67.8889	100
98	67.8889	100
98	67.8889	100
98	67.8889	100
98	67.8889	100
98	67.8889	100
98	67.8889	100
98	67.8889	100
98	67.8889	100
98	67.8889	100
98	67.8889	100
98	67.8889	100
98	67.8889	100
98	67.8889	100
98	67.8889	100
98	68	100
98	68	100
98	68	100
98	68.1111	100
98	68.1111	100
98	68.1111	100
98	68.1111	100
98	68.1111	100
98	68.1111	100
98	68.1111	100
98.3333	68.2222	100
98.3333	68.2222	100
98.3333	68.3333	100
98.3333	68.3333	100
98.3333	68.3333	100
98.3333	68.3333	100
98.3333	68.3333	100
98.3333	68.3333	100
98.3333	68.3333	100
98.3333	68.3333	100
98.3333	68.3333	100
98.3333	68.3333	100
98.3333	68.3333	100
98.3333	68.3333	100
98.3333	68.2222	100
98.3333	68.2222	100
98.3333	68.2222	100
98.3333	68.1111	100
98.3333	68.1111	100
98.3333	68.1111	100
98.3333	68	100
98.6667	68.1111	100
98.6667	68.2222	100
98.6667	68.2222	100
98.6667	68.2222	100
98.6667	68.2222	100
98.6667	68.2222	100
98.6667	68.2222	100
98.6667	68.2222	100
98.6667	68.2222	100
98.6667	68.2222	100
98.6667	68.3333	100
98.6667	68.3333	100
98.6667	68.3333	100
98.6667	68.3333	100
98.6667	68.3333	100
98.6667	68.3333	100
98.6667	68.3333	100
98.6667	68.3333	100
98.6667	68.4444	100
98.6667	68.4444	100
98.6667	68.4444	100
98.6667	68.4444	100
98.6667	68.4444	100
98.6667	68.4444	100
98.6667	68.4444	100
98.6667	68.4444	100
98.6667	68.4444	100
98.6667	68.4444	100
98.6667	68.4444	100
99	68.4444	100
99	68.4444	100
99	68.4444	100
99	68.4444	100
99	68.4444	100
99	68.4444	100
99	68.4444	100
99	68.4444	100
99	68.4444	100
99	68.4444	100
99	68.4444	100
99	68.5556	100
99	68.6667	100
99	68.6667	100
99	68.6667	100
99	68.6667	100
99	68.6667	100
99	68.6667	100
99	68.6667	100
99	68.6667	100
99	68.6667	100
99	68.6667	100
99	68.6667	100
99	68.6667	100
99	68.6667	100
99	68.5556	100
99	68.5556	100
99	68.5556	100
99	68.6667	100
99	68.6667	100
99	68.6667	100
99	68.6667	100
99	68.6667	100
99	68.6667	100
99	68.6667	100
99	68.6667	100
99	68.6667	100
99	68.6667	100
99	68.6667	100
99	68.6667	100
99	68.6667	100
99	68.6667	100
99	68.6667	100
99	68.6667	100
99	68.6667	100
99	68.6667	100
99	68.5556	100
99	68.6667	100
99	68.6667	100
99	68.6667	100
99	68.6667	100
99	68.6667	100
99	68.6667	100
99	68.6667	100
99	68.6667	100
99	68.6667	100
99	68.6667	100
99	68.7778	100
99	68.7778	100
99	68.7778	100
99	68.7778	100
99	68.6667	100
99	68.6667	100
99	68.6667	100
99	68.6667	100
99	68.6667	100
99	68.6667	100
99	68.6667	100
99	68.6667	100
99	68.6667	100
99	68.6667	100
99	68.6667	100
99	68.7778	100
99	68.7778	100
99	68.7778	100
99	68.7778	100
99	68.7778	100
99	68.7778	100
99	68.7778	100
99	68.7778	100
99	68.7778	100
99	68.7778	100
99	68.7778	100
99	68.7778	100
99	68.7778	100
99	68.7778	100
99	68.6667	100
99	68.6667	100
99	68.6667	100
99	68.6667	100
99	68.6667	100
99	68.6667	100
99	68.6667	100
99	68.6667	100
99	68.5556	100
99	68.5556	100
99	68.5556	100
99	68.5556	100
99	68.5556	100
99	68.5556	100
99	68.5556	100
99	68.5556	100
99	68.5556	100
99	68.5556	100
99	68.5556	100
99	68.5556	100
99	68.5556	100
99	68.5556	100
99	68.5556	100
99	68.4444	100
99	68.4444	100
99	68.4444	100
99	68.4444	100
99.3333	68.4444	100
99.3333	68.4444	100
99.3333	68.4444	100
99.3333	68.4444	100
99.3333	68.4444	100
99.3333	68.5556	100
99.3333	68.5556	100
99.3333	68.5556	100
99.3333	68.5556	100
99.3333	68.5556	100
99.3333	68.5556	100
99.3333	68.5556	100
99.3333	68.5556	100
99.3333	68.5556	100
99.3333	68.6667	100
99.3333	68.5556	100
99.3333	68.5556	100
99.3333	68.6667	100
99.3333	68.6667	100
99.3333	68.6667	100
99.3333	68.6667	100
99.3333	68.7778	100
99.3333	68.7778	100
99.3333	68.8889	100
99.3333	68.8889	100
99.3333	69	100
99.3333	69	100
99.3333	69	100
99.3333	69	100
99.3333	69	100
99.3333	69	100
99.3333	69	100
99.3333	69	100
99.3333	69	100
99.3333	69	100
99.3333	69.1111	100
99.3333	69.1111	100
99.3333	69.1111	100
99.3333	69.1111	100
99.3333	69.1111	100
99.3333	69.1111	100
99.3333	69.1111	100
99.3333	69.2222	100
99.3333	69.2222	100
99.3333	69.2222	100
99.3333	69.2222	100
99.3333	69.2222	100
99.3333	69.2222	100
99.3333	69.3333	100
99.3333	69.3333	100
99.3333	69.3333	100
99.3333	69.4444	100
99.3333	69.4444	100
99.3333	69.4444	100
99.3333	69.4444	100
99.3333	69.4444	100
99.3333	69.4444	100
99.3333	69.4444	100
99.3333	69.4444	100
99.3333	69.4444	100
99.3333	69.4444	100
99.3333	69.4444	100
99.3333	69.4444	100
99.3333	69.4444	100
99.3333	69.4444	100
99.3333	69.4444	100
99.3333	69.4444	100
99.3333	69.4444	100
99.3333	69.4444	100
99.3333	69.4444	100
99.3333	69.4444	100
99.3333	69.4444	100
99.3333	69.4444	100
99.3333	69.4444	100
99.3333	69.5556	100
99.3333	69.5556	100
99.3333	69.5556	100
99.3333	69.5556	100
99.3333	69.6667	100
99.3333	69.6667	100
99.3333	69.6667	100
99.3333	69.6667	100
99.3333	69.6667	100
99.3333	69.6667	100
99.3333	69.6667	100
99.3333	69.6667	100
99.3333	69.6667	100
99.3333	69.6667	100
99.3333	69.6667	100
99.3333	69.6667	100
99.3333	69.6667	100
99.3333	69.6667	100
99.3333	69.6667	100
99.3333	69.6667	100
99.3333	69.6667	100
99.3333	69.6667	100
99.3333	69.6667	100
99.3333	69.6667	100
99.3333	69.6667	100
99.3333	69.6667	100
99.3333	69.6667	100
99.3333	69.7778	100
99.3333	69.7778	100
99.3333	69.7778	100
99.3333	69.7778	100
99.3333	69.7778	100
99.3333	69.7778	100
99.3333	69.7778	100
99.3333	69.7778	100
99.3333	69.7778	100
99.3333	69.7778	100
99.3333	69.7778	100
99.3333	69.7778	100
99.3333	69.7778	100
99.3333	69.8889	100
99.3333	69.8889	100
99.3333	69.8889	100
99.3333	69.8889	100
99.3333	69.8889	100
99.3333	69.8889	100
99.3333	69.8889	100
99.3333	69.8889	100
99.3333	69.8889	100
99.3333	69.8889	100
99.3333	69.8889	100
99.3333	70	100
99.3333	70	100
99.3333	70	100
99.3333	70	100
99.3333	70	100
99.3333	70	100
99.3333	70	100
99.3333	70.1111	100
99.3333	70.1111	100
99.3333	70	100
99.3333	70	100
99.3333	70	100
99.3333	70	100
99.3333	70	100
99.3333	70	100
99.3333	70	100
99.3333	70	100
99.3333	70.1111	100
99.3333	70.1111	100
99.3333	70.1111	100
99.3333	70.1111	100
99.3333	70.1111	100
99.3333	70.1111	100
99.3333	70.1111	100
99.3333	70.1111	100
99.3333	70.1111	100
99.3333	70.1111	100
99.3333	70.1111	100
99.3333	70.1111	100
99.3333	70.1111	100
99.3333	70.1111	100
99.3333	70.1111	100
99.3333	70.1111	100
99.3333	70.1111	100
99.3333	70.1111	100
99.3333	70.1111	100
99.3333	70.1111	100
99.3333	70.1111	100
99.3333	70.2222	100
99.3333	70.2222	100
99.3333	70.2222	100
99.3333	70.2222	100
99.3333	70.2222	100
99.3333	70.3333	100
99.3333	70.3333	100
99.3333	70.3333	100
99.3333	70.3333	100
99.3333	70.3333	100
99.3333	70.4444	100
99.3333	70.4444	100
99.3333	70.4444	100
99.3333	70.5556	100
99.3333	70.5556	100
99.3333	70.6667	100
99.3333	70.6667	100
99.3333	70.6667	100
99.3333	70.6667	100
99.3333	70.6667	100
99.3333	70.6667	100
99.3333	70.6667	100
99.3333	70.6667	100
99.3333	70.6667	100
99.3333	70.6667	100
99.3333	70.6667	100
99.3333	70.6667	100
99.3333	70.6667	100
99.3333	70.6667	100
99.3333	70.6667	100
99.3333	70.6667	100
99.3333	70.6667	100
99.3333	70.6667	100
99.3333	70.6667	100
99.3333	70.6667	100
99.3333	70.6667	100
99.3333	70.6667	100
99.3333	70.6667	100
99.3333	70.6667	100
99.3333	70.6667	100
99.3333	70.5556	100
99.3333	70.5556	100
99.3333	70.5556	100
99.3333	70.5556	100
99.3333	70.5556	100
99.3333	70.5556	100
99.3333	70.5556	100
99.3333	70.5556	100
99.3333	70.5556	100
99.3333	70.4444	100
99.3333	70.5556	100
99.3333	70.5556	100
99.3333	70.5556	100
99.3333	70.5556	100
99.3333	70.5556	100
99.3333	70.4444	100
99.3333	70.4444	100
99.3333	70.4444	100
99.3333	70.4444	100
99.3333	70.4444	100
99.3333	70.4444	100
99.3333	70.4444	100
99.3333	70.4444	100
99.3333	70.4444	100
99.3333	70.4444	100
99.3333	70.4444	100
99.3333	70.4444	100
99.3333	70.4444	100
99.3333	70.4444	100
99.3333	70.5556	100
99.3333	70.5556	100
99.3333	70.5556	100
99.3333	70.5556	100
99.3333	70.5556	100
99.3333	70.5556	100
99.3333	70.5556	100
99.3333	70.5556	100
99.3333	70.5556	100
99.3333	70.5556	100
99.3333	70.5556	100
99.3333	70.5556	100
99.3333	70.5556	100
99.3333	70.5556	100
99.3333	70.5556	100
99.3333	70.5556	100
99.3333	70.5556	100
99.3333	70.5556	100
99.3333	70.5556	100
99.3333	70.5556	100
99.3333	70.5556	100
99.3333	70.5556	100
99.3333	70.5556	100
99.3333	70.5556	100
99.3333	70.5556	100
99.3333	70.5556	100
99.3333	70.5556	100
99.3333	70.5556	100
99.3333	70.5556	100
99.3333	70.5556	100
99.3333	70.5556	100
99.3333	70.5556	100
99.3333	70.5556	100
99.3333	70.5556	100
99.3333	70.5556	100
99.3333	70.5556	100
99.3333	70.5556	100
99.3333	70.5556	100
99.3333	70.5556	100
99.3333	70.5556	100
99.3333	70.5556	100
99.3333	70.6667	100
99.3333	70.6667	100
99.3333	70.6667	100
99.3333	70.6667	100
99.3333	70.6667	100
99.3333	70.6667	100
99.3333	70.6667	100
99.3333	70.6667	100
99.3333	70.6667	100
99.3333	70.6667	100
99.3333	70.6667	100
99.3333	70.6667	100
99.3333	70.6667	100
99.3333	70.6667	100
99.3333	70.6667	100
99.3333	70.6667	100
99.3333	70.6667	100
99.3333	70.6667	100
99.3333	70.7778	100
99.3333	70.7778	100
99.3333	70.7778	100
99.3333	70.7778	100
99.3333	70.7778	100
99.3333	70.7778	100
99.3333	70.7778	100
99.3333	70.7778	100
99.3333	70.7778	100
99.3333	70.7778	100
99.3333	70.7778	100
99.3333	70.7778	100
99.3333	70.7778	100
99.3333	70.7778	100
99.3333	70.7778	100
99.3333	70.8889	100
99.3333	70.8889	100
99.3333	70.8889	100
99.3333	70.8889	100
99.3333	70.8889	100
99.3333	70.8889	100
99.3333	70.8889	100
99.3333	70.8889	100
99.3333	70.8889	100
99.3333	70.8889	100
99.3333	70.8889	100
99.3333	70.8889	100
99.3333	70.8889	100
99.3333	70.8889	100
99.3333	70.8889	100
99.3333	70.8889	100
99.3333	70.8889	100
99.3333	70.8889	100
99.3333	70.8889	100
99.3333	70.8889	100
99.3333	70.8889	100
99.3333	70.8889	100
99.3333	71	100
99.3333	71	100
99.3333	71	100
99.3333	71	100
99.3333	71	100
99.3333	71	100
99.3333	71	100
99.3333	71	100
99.3333	71	100
99.3333	71	100
99.3333	71	100
99.3333	71	100
99.3333	71	100
99.3333	71	100
99.3333	71	100
99.3333	71	100
99.3333	71	100
99.3333	71	100
99.3333	71	100
99.3333	71	100
99.3333	71	100
99.3333	71	100
99.3333	71	100
99.3333	71	100
99.3333	71	100
99.3333	71	100
99.3333	71	100
99.3333	71	100
99.3333	71	100
99.3333	71	100
99.3333	71	100
99.3333	71.1111	100
99.3333	71.1111	100
99.3333	71.1111	100
99.3333	71.1111	100
99.3333	71.1111	100
99.3333	71.1111	100
99.3333	71.2222	100
99.3333	71.2222	100
99.3333	71.2222	100
99.3333	71.2222	100
99.3333	71.2222	100
99.3333	71.2222	100
99.3333	71.2222	100
99.3333	71.2222	100
99.3333	71.2222	100
99.3333	71.2222	100
99.3333	71.2222	100
99.3333	71.2222	100
99.3333	71.2222	100
99.3333	71.2222	100
99.3333	71.2222	100
99.3333	71.2222	100
99.3333	71.2222	100
99.3333	71.2222	100
99.3333	71.2222	100
99.3333	71.2222	100
99.3333	71.2222	100
99.3333	71.2222	100
99.3333	71.2222	100
99.3333	71.2222	100
99.3333	71.1111	100
99.3333	71.1111	100
99.3333	71.1111	100
99.3333	71.1111	100
99.3333	71.1111	100
99.3333	71.1111	100
99.3333	71.1111	100
99.3333	71.1111	100
99.3333	71.1111	100
99.3333	71.1111	100
99.3333	71.1111	100
99.3333	71.1111	100
99.3333	71.1111	100
99.3333	71.1111	100
99.3333	71.1111	100
99.3333	71.1111	100
99.3333	71.1111	100
99.3333	71.1111	100
99.3333	71.1111	100
99.3333	71.1111	100
99.3333	71.1111	100
99.3333	71.1111	100
99.3333	71.1111	100
99.3333	71.1111	100
99.3333	71.1111	100
99.3333	71.1111	100
99.3333	71.1111	100
99.3333	71.1111	100
99.3333	71.1111	100
99.3333	71.1111	100
99.3333	71.1111	100
99.3333	71.1111	100
99.3333	71.1111	100
99.3333	71.1111	100
99.3333	71.1111	100
99.3333	71.1111	100
99.3333	71.1111	100
99.3333	71.1111	100
99.3333	71.1111	100
99.3333	71.1111	100
99.3333	71.1111	100
99.3333	71.1111	100
99.3333	71.1111	100
99.3333	71.1111	100
99.3333	71.1111	100
99.3333	71.1111	100
99.3333	71.1111	100
99.3333	71.1111	100
99.3333	71.1111	100
99.3333	71.1111	100
99.3333	71.1111	100
99.3333	71.1111	100
99.3333	71.1111	100
99.3333	71.1111	100
99.3333	71.1111	100
99.3333	71.1111	100
99.3333	71.1111	100
99.3333	71.2222	100
99.3333	71.2222	100
99.3333	71.2222	100
99.3333	71.2222	100
99.3333	71.2222	100
99.3333	71.2222	100
99.3333	71.3333	100
99.3333	71.3333	100
99.3333	71.3333	100
99.3333	71.3333	100
99.3333	71.3333	100
99.3333	71.3333	100
99.3333	71.3333	100
99.3333	71.3333	100
99.3333	71.3333	100
99.3333	71.3333	100
99.3333	71.4444	100
99.3333	71.4444	100
99.3333	71.4444	100
99.3333	71.4444	100
99.3333	71.4444	100
99.3333	71.4444	100
99.3333	71.4444	100
99.3333	71.4444	100
99.3333	71.4444	100
99.3333	71.4444	100
99.3333	71.4444	100
99.3333	71.4444	100
99.3333	71.4444	100
99.3333	71.4444	100
99.3333	71.4444	100
99.3333	71.4444	100
99.3333	71.4444	100
99.3333	71.4444	100
99.3333	71.4444	100
99.3333	71.4444	100
99.3333	71.4444	100
99.3333	71.4444	100
99.3333	71.4444	100
99.3333	71.4444	100
99.3333	71.4444	100
99.3333	71.4444	100
99.3333	71.4444	100
99.3333	71.4444	100
99.3333	71.4444	100
99.3333	71.4444	100
99.3333	71.4444	100
99.3333	71.4444	100
99.3333	71.4444	100
99.3333	71.4444	100
99.3333	71.4444	100
99.3333	71.4444	100
99.3333	71.4444	100
99.3333	71.5556	100
99.3333	71.5556	100
99.3333	71.5556	100
99.3333	71.6667	100
99.3333	71.6667	100
99.3333	71.6667	100
99.3333	71.6667	100
99.3333	71.6667	100
99.3333	71.6667	100
99.3333	71.6667	100
99.3333	71.6667	100
99.3333	71.6667	100
99.3333	71.6667	100
99.3333	71.6667	100
99.3333	71.6667	100
99.3333	71.6667	100
99.3333	71.6667	100
99.3333	71.6667	100
99.3333	71.6667	100
99.3333	71.6667	100
99.3333	71.6667	100
99.3333	71.6667	100
99.3333	71.6667	100